states_uts,crime_head,year,18_and_above_and_below_30_years_male,18_and_above_and_below_30_years_female,18_and_above_and_below_30_years_total,30_and_above_and_below_45_years_male,30_and_above_and_below_45_years_female,30_and_above_and_below_45_years_total,45_and_above_and_below_60_years_male,45_and_above_and_below_60_years_female,45_and_above_and_below_60_years_total,60_years_and_above_male,60_years_and_above_female,60_years_and_above_total,total_male,total_female,total_persons_arrested_by_age_and_sex
Andhra Pradesh,1 - Murder (Section 302 IPC),2014,754,59,813,772,113,885,517,48,565,48,0,48,2091,220,2311
Andhra Pradesh,2 - Attempt to commit Murder (Section 307 IPC),2014,1175,38,1213,920,43,963,448,16,464,22,0,22,2565,97,2662
Andhra Pradesh,3 - Culpable Homicide not amounting to Murder (Section 304 IPC),2014,16,2,18,64,4,68,13,1,14,0,0,0,93,7,100
Andhra Pradesh,4 - Attempt to commit Culpable Homicide (Section 308 IPC),2014,0,0,0,2,0,2,2,0,2,0,0,0,4,0,4
Andhra Pradesh,5 - Rape (Section 376 IPC),2014,708,7,715,341,28,369,88,10,98,11,1,12,1148,46,1194
Andhra Pradesh,5.1 - Custodial Rape,2014,0,0,0,0,0,0,0,0,0,0,0,0,0,0,0
Andhra Pradesh,5.1.1 - Gang Rape,2014,0,0,0,0,0,0,0,0,0,0,0,0,0,0,0
Andhra Pradesh,5.1.2 - Other Rape,2014,0,0,0,0,0,0,0,0,0,0,0,0,0,0,0
Andhra Pradesh,5.2 - Rape other than Custodial,2014,708,7,715,341,28,369,88,10,98,11,1,12,1148,46,1194
Andhra Pradesh,5.2.1 - Gang Rape,2014,15,0,15,4,0,4,1,0,1,0,0,0,20,0,20
Andhra Pradesh,5.2.2 - Other Rape,2014,693,7,700,337,28,365,87,10,97,11,1,12,1128,46,1174
Andhra Pradesh,6 - Attempt to commit Rape (Section 376/511 IPC),2014,104,0,104,62,0,62,1,0,1,0,0,0,167,0,167
Andhra Pradesh,"7 - Kidnapping & Abduction_Total (Section 3,364,364A, 366-369 IPC)",2014,802,18,820,463,51,514,124,10,134,2,0,2,1391,79,1470
Andhra Pradesh,7.1 - Kidnapping & Abduction (Section 363 IPC),2014,220,9,229,152,16,168,29,4,33,1,0,1,402,29,431
Andhra Pradesh,7.2 - Kidnaping & Abduction in order to Murder (Section 364 IPC),2014,7,0,7,2,0,2,0,0,0,0,0,0,9,0,9
Andhra Pradesh,7.3 - Kidnapping for Ransom (Section 364A IPC),2014,7,0,7,5,0,5,0,0,0,0,0,0,12,0,12
Andhra Pradesh,7.4 - Kidnapping & Abduction of Women to compel her for marriage (Section 366 IPC),2014,311,4,315,95,13,108,25,2,27,0,0,0,431,19,450
Andhra Pradesh,7.5 - Other Kidnapping,2014,257,5,262,209,22,231,70,4,74,1,0,1,537,31,568
Andhra Pradesh,"8 - Dacoity (Section 395,396-398 IPC)",2014,166,1,167,138,0,138,17,0,17,0,0,0,321,1,322
Andhra Pradesh,8.1 - Dacoity with Murder (Section 396 IPC),2014,5,0,5,1,0,1,0,0,0,0,0,0,6,0,6
Andhra Pradesh,8.2 - Other Dacoity,2014,161,1,162,137,0,137,17,0,17,0,0,0,315,1,316
Andhra Pradesh,9 - Making Preparation and Assembly for committing Dacoity (Section 399 & 402 IPC),2014,0,0,0,8,0,8,0,0,0,0,0,0,8,0,8
Andhra Pradesh,"10 - Robbery (Section 392 to 394, 397 and 398 IPC)",2014,398,1,399,169,9,178,51,0,51,0,0,0,618,10,628
Andhra Pradesh,11 - Criminal Trespass/Burglary_Total (Section 453 to 460 IPC),2014,3028,22,3050,1740,39,1779,450,5,455,38,0,38,5256,66,5322
Andhra Pradesh,"11.1 - Criminal Trespass/Burglary (Section 455, 457 & 458 IPC)",2014,2291,13,2304,1264,29,1293,308,4,312,37,0,37,3900,46,3946
Andhra Pradesh,"11.2 - House Trespass & House Breaking (Section 453,454,456,459 & 460 IPC)",2014,737,9,746,476,10,486,142,1,143,1,0,1,1356,20,1376
Andhra Pradesh,12 - Theft (Section 379 to 382 IPC),2014,6991,146,7137,4505,137,4642,1368,37,1405,207,0,207,13071,320,13391
Andhra Pradesh,12.1 - Auto Theft,2014,2045,27,2072,1168,8,1176,393,3,396,14,0,14,3620,38,3658
Andhra Pradesh,12.2 - Other Thefts,2014,4946,119,5065,3337,129,3466,975,34,1009,193,0,193,9451,282,9733
Andhra Pradesh,"13 - Unlawful Assembly (Section 143,144 & 145)",2014,123,4,127,127,10,137,22,2,24,0,0,0,272,16,288
Andhra Pradesh,"14 - Riots (Section 147, 148, 149, 150 & 151 IPC)",2014,3085,99,3184,2496,131,2627,945,43,988,67,2,69,6593,275,6868
Andhra Pradesh,14.1 - Communal,2014,120,3,123,43,1,44,18,1,19,0,0,0,181,5,186
Andhra Pradesh,14.2 - Industrial,2014,0,0,0,31,0,31,0,0,0,0,0,0,31,0,31
Andhra Pradesh,14.3 - Political,2014,767,8,775,777,19,796,396,13,409,8,0,8,1948,40,1988
Andhra Pradesh,14.4 - Caste Conflict,2014,31,0,31,17,0,17,7,0,7,0,0,0,55,0,55
Andhra Pradesh,14.4.1 - SC/STs Vs. Non-SCs/STs,2014,31,0,31,17,0,17,7,0,7,0,0,0,55,0,55
Andhra Pradesh,14.4.2 - Other Caste Riots,2014,0,0,0,0,0,0,0,0,0,0,0,0,0,0,0
Andhra Pradesh,14.5 - Agrarian,2014,0,0,0,0,0,0,0,0,0,0,0,0,0,0,0
Andhra Pradesh,14.6 - Students,2014,0,0,0,0,0,0,0,0,0,0,0,0,0,0,0
Andhra Pradesh,14.7 - Sectarian,2014,0,0,0,0,0,0,0,0,0,0,0,0,0,0,0
Andhra Pradesh,14.8 - Other Riots,2014,2167,88,2255,1628,111,1739,524,29,553,59,2,61,4378,230,4608
Andhra Pradesh,15 - Criminal Breach of Trust (Section 406 to 409 IPC),2014,352,10,362,543,25,568,188,14,202,34,2,36,1117,51,1168
Andhra Pradesh,16 - Cheating (Section 420 IPC),2014,1694,50,1744,3214,143,3357,1698,101,1799,118,9,127,6724,303,7027
Andhra Pradesh,"17 - Forgery (Section 465, 468 & 471 IPC)",2014,39,1,40,82,6,88,49,4,53,18,0,18,188,11,199
Andhra Pradesh,"18 - Counterfeiting (Section 231-235,237-240, 242-243, 255 and 489-A to 489-E IPC)",2014,57,0,57,74,0,74,13,0,13,1,0,1,145,0,145
Andhra Pradesh,"18.1 - Offences related to Counterfeit Coin (Section 231-235,237, 238-240 & 242-243 IPC)",2014,2,0,2,4,0,4,0,0,0,0,0,0,6,0,6
Andhra Pradesh,18.2 - Counterfeiting Government Stamp (Section 255 IPC),2014,0,0,0,0,0,0,0,0,0,0,0,0,0,0,0
Andhra Pradesh,18.3 - Counterfeit currency & Bank notes (Section 489-A to 489-E IPC),2014,55,0,55,70,0,70,13,0,13,1,0,1,139,0,139
Andhra Pradesh,18.3.1 - Counterfeiting currency notes or Bank notes (Section 489A IPC),2014,25,0,25,37,0,37,6,0,6,1,0,1,69,0,69
Andhra Pradesh,18.3.2 - Using forged or counterfeit currency/Bank notes (Section 489B IPC),2014,11,0,11,19,0,19,2,0,2,0,0,0,32,0,32
Andhra Pradesh,18.3.3 - Possession of forged or counterfeiting currency / Bank notes (Section 489C IPC),2014,17,0,17,14,0,14,5,0,5,0,0,0,36,0,36
Andhra Pradesh,18.3.4 - Make/Possess materials for forging or counterfeiting currency/Bank notes (Section 489D IPC),2014,2,0,2,0,0,0,0,0,0,0,0,0,2,0,2
Andhra Pradesh,18.3.5 - Make/Use documents resembling currency notes/Bank notes (Section 489 E IPC),2014,0,0,0,0,0,0,0,0,0,0,0,0,0,0,0
Andhra Pradesh,19 - Arson (Section 435-436 & 438 IPC),2014,129,3,132,265,9,274,88,5,93,2,0,2,484,17,501
Andhra Pradesh,"20 - Grievous Hurt (Section 325,326,326A & 326 B IPC)",2014,485,40,525,460,72,532,139,25,164,15,2,17,1099,139,1238
Andhra Pradesh,20.1 - Grievous Hurt (Section 325 & 326 IPC),2014,476,40,516,460,72,532,138,25,163,14,2,16,1088,139,1227
Andhra Pradesh,20.2 - Acid attack (Section 326A IPC),2014,5,0,5,0,0,0,1,0,1,1,0,1,7,0,7
Andhra Pradesh,20.3 - Attempt to Acid Attack (Section 326B IPC),2014,4,0,4,0,0,0,0,0,0,0,0,0,4,0,4
Andhra Pradesh,21 - Dowry Deaths (Section 304-B IPC),2014,159,21,180,169,67,236,63,43,106,4,5,9,395,136,531
Andhra Pradesh,22 - Assault on women with intent to outrage her Modesty (Section 354 IPC),2014,2326,35,2361,1859,89,1948,528,31,559,11,1,12,4724,156,4880
Andhra Pradesh,22.1 - Sexual Harassment (Section 354A IPC),2014,511,3,514,423,10,433,101,7,108,2,0,2,1037,20,1057
Andhra Pradesh,22.2 - Assault on women with intent to Disrobe (Section 354B IPC),2014,212,2,214,124,5,129,31,0,31,1,0,1,368,7,375
Andhra Pradesh,22.3 - Voyeurism (Section 354C IPC),2014,46,0,46,33,0,33,6,0,6,0,0,0,85,0,85
Andhra Pradesh,22.4 - Stalking (Section 354D IPC),2014,265,0,265,199,3,202,41,1,42,0,0,0,505,4,509
Andhra Pradesh,22.5 - Others,2014,1292,30,1322,1080,71,1151,349,23,372,8,1,9,2729,125,2854
Andhra Pradesh,23 - Insult to the Modesty of Women (Section 509 IPC),2014,1443,58,1501,1164,28,1192,237,4,241,62,0,62,2906,90,2996
Andhra Pradesh,23.1 - At Office premises,2014,0,0,0,2,0,2,0,0,0,0,0,0,2,0,2
Andhra Pradesh,23.2 - Places related to work other than Office,2014,49,0,49,55,0,55,3,0,3,0,0,0,107,0,107
Andhra Pradesh,23.3 - In Public Transport system,2014,55,0,55,12,0,12,1,0,1,0,0,0,68,0,68
Andhra Pradesh,23.4 - in Other Places,2014,1339,58,1397,1095,28,1123,233,4,237,62,0,62,2729,90,2819
Andhra Pradesh,24 - Cruelty by Husband or his Relatives (Section 498-A IPC),2014,2664,330,2994,3602,709,4311,1371,392,1763,133,69,202,7770,1500,9270
Andhra Pradesh,25 - Importation of Girls from Foreign Country (Section 366-B IPC),2014,0,0,0,0,0,0,0,0,0,0,0,0,0,0,0
Andhra Pradesh,26 - Causing Death by Negligence (Section 304-A IPC),2014,2319,5,2324,3076,7,3083,1279,5,1284,49,0,49,6723,17,6740
Andhra Pradesh,26.1 - Deaths due to negligent driving/act,2014,2295,5,2300,3006,3,3009,1251,2,1253,49,0,49,6601,10,6611
Andhra Pradesh,26.2 - Deaths due to Other Causes,2014,24,0,24,70,4,74,28,3,31,0,0,0,122,7,129
Andhra Pradesh,"27 - Offences against State (Section 121, 121A, 122, 123, 124-A IPC)",2014,0,0,0,0,0,0,0,0,0,0,0,0,0,0,0
Andhra Pradesh,27.1 - Sedition (Section 124A IPC),2014,0,0,0,0,0,0,0,0,0,0,0,0,0,0,0
Andhra Pradesh,27.2 - Other offences against State,2014,0,0,0,0,0,0,0,0,0,0,0,0,0,0,0
Andhra Pradesh,28 - Offences promoting enmity between different groups (Section 153A & 153B IPC),2014,25,0,25,11,0,11,6,0,6,0,0,0,42,0,42
Andhra Pradesh,28.1 - Promoting enmity on ground of religion race and place of Birth (Section 153A IPC),2014,25,0,25,11,0,11,6,0,6,0,0,0,42,0,42
Andhra Pradesh,28.2 - Imputation & assertions prejudicial to national integration (Section 153B IPC),2014,0,0,0,0,0,0,0,0,0,0,0,0,0,0,0
Andhra Pradesh,29 - Extortion (Section 384 - 389 IPC),2014,144,2,146,136,2,138,44,0,44,0,0,0,324,4,328
Andhra Pradesh,30 - Disclosure of Identity of Victims (Section 228 A IPC),2014,0,0,0,0,0,0,0,0,0,0,0,0,0,0,0
Andhra Pradesh,31 - Incidence of Rash Driving (Section 279 IPC Read with 337 & 338),2014,5217,27,5244,5616,44,5660,2205,5,2210,370,1,371,13408,77,13485
Andhra Pradesh,32 - Human Trafficking (Section 370 & 370A IPC),2014,4,0,4,3,2,5,0,1,1,0,0,0,7,3,10
Andhra Pradesh,33 - Unnatural Offences U/s 377 IPC,2014,1,0,1,0,0,0,0,0,0,0,0,0,1,0,1
Andhra Pradesh,34 - Other IPC crimes,2014,30248,2329,32577,32011,3127,35138,11436,1653,13089,1001,108,1109,74696,7217,81913
Andhra Pradesh,35 - Total Cognizable IPC crimes,2014,64656,3308,67964,64092,4895,68987,23390,2455,25845,2213,200,2413,154351,10858,165209
Arunachal Pradesh,1 - Murder (Section 302 IPC),2014,87,2,89,66,2,68,6,1,7,0,0,0,159,5,164
Arunachal Pradesh,2 - Attempt to commit Murder (Section 307 IPC),2014,32,0,32,28,1,29,9,0,9,0,0,0,69,1,70
Arunachal Pradesh,3 - Culpable Homicide not amounting to Murder (Section 304 IPC),2014,2,0,2,1,0,1,0,0,0,0,0,0,3,0,3
Arunachal Pradesh,4 - Attempt to commit Culpable Homicide (Section 308 IPC),2014,0,0,0,0,0,0,0,0,0,0,0,0,0,0,0
Arunachal Pradesh,5 - Rape (Section 376 IPC),2014,50,2,52,32,0,32,4,0,4,0,0,0,86,2,88
Arunachal Pradesh,5.1 - Custodial Rape,2014,3,0,3,1,0,1,0,0,0,0,0,0,4,0,4
Arunachal Pradesh,5.1.1 - Gang Rape,2014,0,0,0,0,0,0,0,0,0,0,0,0,0,0,0
Arunachal Pradesh,5.1.2 - Other Rape,2014,3,0,3,1,0,1,0,0,0,0,0,0,4,0,4
Arunachal Pradesh,5.2 - Rape other than Custodial,2014,47,2,49,31,0,31,4,0,4,0,0,0,82,2,84
Arunachal Pradesh,5.2.1 - Gang Rape,2014,7,0,7,0,0,0,0,0,0,0,0,0,7,0,7
Arunachal Pradesh,5.2.2 - Other Rape,2014,40,2,42,31,0,31,4,0,4,0,0,0,75,2,77
Arunachal Pradesh,6 - Attempt to commit Rape (Section 376/511 IPC),2014,7,1,8,3,0,3,2,0,2,0,0,0,12,1,13
Arunachal Pradesh,"7 - Kidnapping & Abduction_Total (Section 3,364,364A, 366-369 IPC)",2014,82,9,91,50,9,59,2,2,4,0,0,0,134,20,154
Arunachal Pradesh,7.1 - Kidnapping & Abduction (Section 363 IPC),2014,16,1,17,9,1,10,0,0,0,0,0,0,25,2,27
Arunachal Pradesh,7.2 - Kidnaping & Abduction in order to Murder (Section 364 IPC),2014,1,1,2,0,0,0,0,0,0,0,0,0,1,1,2
Arunachal Pradesh,7.3 - Kidnapping for Ransom (Section 364A IPC),2014,7,0,7,2,0,2,0,0,0,0,0,0,9,0,9
Arunachal Pradesh,7.4 - Kidnapping & Abduction of Women to compel her for marriage (Section 366 IPC),2014,6,2,8,8,3,11,1,0,1,0,0,0,15,5,20
Arunachal Pradesh,7.5 - Other Kidnapping,2014,52,5,57,31,5,36,1,2,3,0,0,0,84,12,96
Arunachal Pradesh,"8 - Dacoity (Section 395,396-398 IPC)",2014,7,0,7,2,0,2,0,0,0,0,0,0,9,0,9
Arunachal Pradesh,8.1 - Dacoity with Murder (Section 396 IPC),2014,0,0,0,0,0,0,0,0,0,0,0,0,0,0,0
Arunachal Pradesh,8.2 - Other Dacoity,2014,7,0,7,2,0,2,0,0,0,0,0,0,9,0,9
Arunachal Pradesh,9 - Making Preparation and Assembly for committing Dacoity (Section 399 & 402 IPC),2014,0,0,0,0,0,0,0,0,0,0,0,0,0,0,0
Arunachal Pradesh,"10 - Robbery (Section 392 to 394, 397 and 398 IPC)",2014,64,1,65,23,0,23,7,0,7,0,0,0,94,1,95
Arunachal Pradesh,11 - Criminal Trespass/Burglary_Total (Section 453 to 460 IPC),2014,89,0,89,21,0,21,3,0,3,0,0,0,113,0,113
Arunachal Pradesh,"11.1 - Criminal Trespass/Burglary (Section 455, 457 & 458 IPC)",2014,72,0,72,21,0,21,3,0,3,0,0,0,96,0,96
Arunachal Pradesh,"11.2 - House Trespass & House Breaking (Section 453,454,456,459 & 460 IPC)",2014,17,0,17,0,0,0,0,0,0,0,0,0,17,0,17
Arunachal Pradesh,12 - Theft (Section 379 to 382 IPC),2014,219,7,226,90,2,92,7,0,7,0,0,0,316,9,325
Arunachal Pradesh,12.1 - Auto Theft,2014,52,0,52,16,0,16,0,0,0,0,0,0,68,0,68
Arunachal Pradesh,12.2 - Other Thefts,2014,167,7,174,74,2,76,7,0,7,0,0,0,248,9,257
Arunachal Pradesh,"13 - Unlawful Assembly (Section 143,144 & 145)",2014,12,0,12,8,1,9,0,0,0,0,0,0,20,1,21
Arunachal Pradesh,"14 - Riots (Section 147, 148, 149, 150 & 151 IPC)",2014,70,3,73,46,3,49,13,2,15,0,0,0,129,8,137
Arunachal Pradesh,14.1 - Communal,2014,11,0,11,3,0,3,0,0,0,0,0,0,14,0,14
Arunachal Pradesh,14.2 - Industrial,2014,0,0,0,0,0,0,0,0,0,0,0,0,0,0,0
Arunachal Pradesh,14.3 - Political,2014,7,3,10,20,3,23,10,2,12,0,0,0,37,8,45
Arunachal Pradesh,14.4 - Caste Conflict,2014,0,0,0,0,0,0,0,0,0,0,0,0,0,0,0
Arunachal Pradesh,14.4.1 - SC/STs Vs. Non-SCs/STs,2014,0,0,0,0,0,0,0,0,0,0,0,0,0,0,0
Arunachal Pradesh,14.4.2 - Other Caste Riots,2014,0,0,0,0,0,0,0,0,0,0,0,0,0,0,0
Arunachal Pradesh,14.5 - Agrarian,2014,0,0,0,0,0,0,0,0,0,0,0,0,0,0,0
Arunachal Pradesh,14.6 - Students,2014,5,0,5,0,0,0,0,0,0,0,0,0,5,0,5
Arunachal Pradesh,14.7 - Sectarian,2014,0,0,0,0,0,0,0,0,0,0,0,0,0,0,0
Arunachal Pradesh,14.8 - Other Riots,2014,47,0,47,23,0,23,3,0,3,0,0,0,73,0,73
Arunachal Pradesh,15 - Criminal Breach of Trust (Section 406 to 409 IPC),2014,17,2,19,9,0,9,2,0,2,0,0,0,28,2,30
Arunachal Pradesh,16 - Cheating (Section 420 IPC),2014,34,5,39,30,9,39,9,0,9,0,0,0,73,14,87
Arunachal Pradesh,"17 - Forgery (Section 465, 468 & 471 IPC)",2014,4,1,5,5,0,5,0,0,0,0,0,0,9,1,10
Arunachal Pradesh,"18 - Counterfeiting (Section 231-235,237-240, 242-243, 255 and 489-A to 489-E IPC)",2014,0,0,0,0,0,0,0,0,0,0,0,0,0,0,0
Arunachal Pradesh,"18.1 - Offences related to Counterfeit Coin (Section 231-235,237, 238-240 & 242-243 IPC)",2014,0,0,0,0,0,0,0,0,0,0,0,0,0,0,0
Arunachal Pradesh,18.2 - Counterfeiting Government Stamp (Section 255 IPC),2014,0,0,0,0,0,0,0,0,0,0,0,0,0,0,0
Arunachal Pradesh,18.3 - Counterfeit currency & Bank notes (Section 489-A to 489-E IPC),2014,0,0,0,0,0,0,0,0,0,0,0,0,0,0,0
Arunachal Pradesh,18.3.1 - Counterfeiting currency notes or Bank notes (Section 489A IPC),2014,0,0,0,0,0,0,0,0,0,0,0,0,0,0,0
Arunachal Pradesh,18.3.2 - Using forged or counterfeit currency/Bank notes (Section 489B IPC),2014,0,0,0,0,0,0,0,0,0,0,0,0,0,0,0
Arunachal Pradesh,18.3.3 - Possession of forged or counterfeiting currency / Bank notes (Section 489C IPC),2014,0,0,0,0,0,0,0,0,0,0,0,0,0,0,0
Arunachal Pradesh,18.3.4 - Make/Possess materials for forging or counterfeiting currency/Bank notes (Section 489D IPC),2014,0,0,0,0,0,0,0,0,0,0,0,0,0,0,0
Arunachal Pradesh,18.3.5 - Make/Use documents resembling currency notes/Bank notes (Section 489 E IPC),2014,0,0,0,0,0,0,0,0,0,0,0,0,0,0,0
Arunachal Pradesh,19 - Arson (Section 435-436 & 438 IPC),2014,17,0,17,6,0,6,0,0,0,0,0,0,23,0,23
Arunachal Pradesh,"20 - Grievous Hurt (Section 325,326,326A & 326 B IPC)",2014,191,7,198,86,3,89,25,0,25,0,0,0,302,10,312
Arunachal Pradesh,20.1 - Grievous Hurt (Section 325 & 326 IPC),2014,191,7,198,86,3,89,25,0,25,0,0,0,302,10,312
Arunachal Pradesh,20.2 - Acid attack (Section 326A IPC),2014,0,0,0,0,0,0,0,0,0,0,0,0,0,0,0
Arunachal Pradesh,20.3 - Attempt to Acid Attack (Section 326B IPC),2014,0,0,0,0,0,0,0,0,0,0,0,0,0,0,0
Arunachal Pradesh,21 - Dowry Deaths (Section 304-B IPC),2014,1,0,1,0,0,0,0,0,0,0,0,0,1,0,1
Arunachal Pradesh,22 - Assault on women with intent to outrage her Modesty (Section 354 IPC),2014,82,9,91,57,4,61,6,0,6,0,0,0,145,13,158
Arunachal Pradesh,22.1 - Sexual Harassment (Section 354A IPC),2014,13,0,13,13,0,13,0,0,0,0,0,0,26,0,26
Arunachal Pradesh,22.2 - Assault on women with intent to Disrobe (Section 354B IPC),2014,0,0,0,0,0,0,0,0,0,0,0,0,0,0,0
Arunachal Pradesh,22.3 - Voyeurism (Section 354C IPC),2014,3,0,3,3,0,3,0,0,0,0,0,0,6,0,6
Arunachal Pradesh,22.4 - Stalking (Section 354D IPC),2014,0,0,0,0,0,0,0,0,0,0,0,0,0,0,0
Arunachal Pradesh,22.5 - Others,2014,66,9,75,41,4,45,6,0,6,0,0,0,113,13,126
Arunachal Pradesh,23 - Insult to the Modesty of Women (Section 509 IPC),2014,2,0,2,1,0,1,0,0,0,0,0,0,3,0,3
Arunachal Pradesh,23.1 - At Office premises,2014,0,0,0,0,0,0,0,0,0,0,0,0,0,0,0
Arunachal Pradesh,23.2 - Places related to work other than Office,2014,0,0,0,0,0,0,0,0,0,0,0,0,0,0,0
Arunachal Pradesh,23.3 - In Public Transport system,2014,0,0,0,0,0,0,0,0,0,0,0,0,0,0,0
Arunachal Pradesh,23.4 - in Other Places,2014,2,0,2,1,0,1,0,0,0,0,0,0,3,0,3
Arunachal Pradesh,24 - Cruelty by Husband or his Relatives (Section 498-A IPC),2014,14,0,14,21,3,24,5,1,6,0,0,0,40,4,44
Arunachal Pradesh,25 - Importation of Girls from Foreign Country (Section 366-B IPC),2014,0,0,0,0,0,0,0,0,0,0,0,0,0,0,0
Arunachal Pradesh,26 - Causing Death by Negligence (Section 304-A IPC),2014,21,0,21,11,0,11,5,0,5,0,0,0,37,0,37
Arunachal Pradesh,26.1 - Deaths due to negligent driving/act,2014,21,0,21,10,0,10,4,0,4,0,0,0,35,0,35
Arunachal Pradesh,26.2 - Deaths due to Other Causes,2014,0,0,0,1,0,1,1,0,1,0,0,0,2,0,2
Arunachal Pradesh,"27 - Offences against State (Section 121, 121A, 122, 123, 124-A IPC)",2014,0,0,0,0,0,0,0,0,0,0,0,0,0,0,0
Arunachal Pradesh,27.1 - Sedition (Section 124A IPC),2014,0,0,0,0,0,0,0,0,0,0,0,0,0,0,0
Arunachal Pradesh,27.2 - Other offences against State,2014,0,0,0,0,0,0,0,0,0,0,0,0,0,0,0
Arunachal Pradesh,28 - Offences promoting enmity between different groups (Section 153A & 153B IPC),2014,0,0,0,0,0,0,0,0,0,0,0,0,0,0,0
Arunachal Pradesh,28.1 - Promoting enmity on ground of religion race and place of Birth (Section 153A IPC),2014,0,0,0,0,0,0,0,0,0,0,0,0,0,0,0
Arunachal Pradesh,28.2 - Imputation & assertions prejudicial to national integration (Section 153B IPC),2014,0,0,0,0,0,0,0,0,0,0,0,0,0,0,0
Arunachal Pradesh,29 - Extortion (Section 384 - 389 IPC),2014,115,0,115,38,1,39,6,0,6,0,0,0,159,1,160
Arunachal Pradesh,30 - Disclosure of Identity of Victims (Section 228 A IPC),2014,0,0,0,0,0,0,0,0,0,0,0,0,0,0,0
Arunachal Pradesh,31 - Incidence of Rash Driving (Section 279 IPC Read with 337 & 338),2014,54,0,54,15,0,15,1,0,1,0,0,0,70,0,70
Arunachal Pradesh,32 - Human Trafficking (Section 370 & 370A IPC),2014,0,0,0,0,0,0,0,0,0,0,0,0,0,0,0
Arunachal Pradesh,33 - Unnatural Offences U/s 377 IPC,2014,0,0,0,0,0,0,0,0,0,0,0,0,0,0,0
Arunachal Pradesh,34 - Other IPC crimes,2014,487,17,504,326,8,334,72,1,73,4,0,4,889,26,915
Arunachal Pradesh,35 - Total Cognizable IPC crimes,2014,1760,66,1826,975,46,1021,184,7,191,4,0,4,2923,119,3042
Assam,1 - Murder (Section 302 IPC),2014,1368,16,1384,2058,4,2062,154,0,154,0,0,0,3580,20,3600
Assam,2 - Attempt to commit Murder (Section 307 IPC),2014,526,0,526,1007,6,1013,188,0,188,0,0,0,1721,6,1727
Assam,3 - Culpable Homicide not amounting to Murder (Section 304 IPC),2014,27,0,27,104,0,104,20,0,20,0,0,0,151,0,151
Assam,4 - Attempt to commit Culpable Homicide (Section 308 IPC),2014,2,0,2,12,0,12,0,0,0,0,0,0,14,0,14
Assam,5 - Rape (Section 376 IPC),2014,1398,0,1398,2017,0,2017,200,0,200,0,0,0,3615,0,3615
Assam,5.1 - Custodial Rape,2014,0,0,0,0,0,0,0,0,0,0,0,0,0,0,0
Assam,5.1.1 - Gang Rape,2014,0,0,0,0,0,0,0,0,0,0,0,0,0,0,0
Assam,5.1.2 - Other Rape,2014,0,0,0,0,0,0,0,0,0,0,0,0,0,0,0
Assam,5.2 - Rape other than Custodial,2014,1398,0,1398,2017,0,2017,200,0,200,0,0,0,3615,0,3615
Assam,5.2.1 - Gang Rape,2014,17,0,17,25,0,25,2,0,2,0,0,0,44,0,44
Assam,5.2.2 - Other Rape,2014,1381,0,1381,1992,0,1992,198,0,198,0,0,0,3571,0,3571
Assam,6 - Attempt to commit Rape (Section 376/511 IPC),2014,65,0,65,135,0,135,25,0,25,0,0,0,225,0,225
Assam,"7 - Kidnapping & Abduction_Total (Section 3,364,364A, 366-369 IPC)",2014,2327,2,2329,4658,5,4663,884,3,887,0,0,0,7869,10,7879
Assam,7.1 - Kidnapping & Abduction (Section 363 IPC),2014,0,0,0,0,0,0,0,0,0,0,0,0,0,0,0
Assam,7.2 - Kidnaping & Abduction in order to Murder (Section 364 IPC),2014,0,0,0,6,0,6,0,0,0,0,0,0,6,0,6
Assam,7.3 - Kidnapping for Ransom (Section 364A IPC),2014,25,0,25,20,0,20,4,0,4,0,0,0,49,0,49
Assam,7.4 - Kidnapping & Abduction of Women to compel her for marriage (Section 366 IPC),2014,1905,0,1905,3880,0,3880,769,0,769,0,0,0,6554,0,6554
Assam,7.5 - Other Kidnapping,2014,397,2,399,752,5,757,111,3,114,0,0,0,1260,10,1270
Assam,"8 - Dacoity (Section 395,396-398 IPC)",2014,225,0,225,398,0,398,39,0,39,0,0,0,662,0,662
Assam,8.1 - Dacoity with Murder (Section 396 IPC),2014,0,0,0,1,0,1,0,0,0,0,0,0,1,0,1
Assam,8.2 - Other Dacoity,2014,225,0,225,397,0,397,39,0,39,0,0,0,661,0,661
Assam,9 - Making Preparation and Assembly for committing Dacoity (Section 399 & 402 IPC),2014,5,0,5,23,0,23,1,0,1,0,0,0,29,0,29
Assam,"10 - Robbery (Section 392 to 394, 397 and 398 IPC)",2014,601,0,601,1385,0,1385,182,0,182,0,0,0,2168,0,2168
Assam,11 - Criminal Trespass/Burglary_Total (Section 453 to 460 IPC),2014,1932,0,1932,3758,0,3758,707,0,707,0,0,0,6397,0,6397
Assam,"11.1 - Criminal Trespass/Burglary (Section 455, 457 & 458 IPC)",2014,1763,0,1763,3241,0,3241,626,0,626,0,0,0,5630,0,5630
Assam,"11.2 - House Trespass & House Breaking (Section 453,454,456,459 & 460 IPC)",2014,169,0,169,517,0,517,81,0,81,0,0,0,767,0,767
Assam,12 - Theft (Section 379 to 382 IPC),2014,6407,35,6442,11357,11,11368,1159,0,1159,0,0,0,18923,46,18969
Assam,12.1 - Auto Theft,2014,1841,0,1841,3074,0,3074,285,0,285,0,0,0,5200,0,5200
Assam,12.2 - Other Thefts,2014,4566,35,4601,8283,11,8294,874,0,874,0,0,0,13723,46,13769
Assam,"13 - Unlawful Assembly (Section 143,144 & 145)",2014,403,0,403,748,0,748,157,0,157,0,0,0,1308,0,1308
Assam,"14 - Riots (Section 147, 148, 149, 150 & 151 IPC)",2014,1893,6,1899,3088,35,3123,634,5,639,0,0,0,5615,46,5661
Assam,14.1 - Communal,2014,0,0,0,0,0,0,0,0,0,0,0,0,0,0,0
Assam,14.2 - Industrial,2014,0,0,0,0,0,0,0,0,0,0,0,0,0,0,0
Assam,14.3 - Political,2014,0,0,0,3,0,3,0,0,0,0,0,0,3,0,3
Assam,14.4 - Caste Conflict,2014,0,0,0,0,0,0,0,0,0,0,0,0,0,0,0
Assam,14.4.1 - SC/STs Vs. Non-SCs/STs,2014,0,0,0,0,0,0,0,0,0,0,0,0,0,0,0
Assam,14.4.2 - Other Caste Riots,2014,0,0,0,0,0,0,0,0,0,0,0,0,0,0,0
Assam,14.5 - Agrarian,2014,0,0,0,0,0,0,0,0,0,0,0,0,0,0,0
Assam,14.6 - Students,2014,0,0,0,0,0,0,0,0,0,0,0,0,0,0,0
Assam,14.7 - Sectarian,2014,0,0,0,0,0,0,0,0,0,0,0,0,0,0,0
Assam,14.8 - Other Riots,2014,1893,6,1899,3085,35,3120,634,5,639,0,0,0,5612,46,5658
Assam,15 - Criminal Breach of Trust (Section 406 to 409 IPC),2014,1030,0,1030,1768,2,1770,525,0,525,0,0,0,3323,2,3325
Assam,16 - Cheating (Section 420 IPC),2014,1128,1,1129,2441,3,2444,644,0,644,0,0,0,4213,4,4217
Assam,"17 - Forgery (Section 465, 468 & 471 IPC)",2014,18,0,18,66,0,66,6,0,6,0,0,0,90,0,90
Assam,"18 - Counterfeiting (Section 231-235,237-240, 242-243, 255 and 489-A to 489-E IPC)",2014,31,0,31,109,0,109,13,0,13,0,0,0,153,0,153
Assam,"18.1 - Offences related to Counterfeit Coin (Section 231-235,237, 238-240 & 242-243 IPC)",2014,0,0,0,0,0,0,0,0,0,0,0,0,0,0,0
Assam,18.2 - Counterfeiting Government Stamp (Section 255 IPC),2014,0,0,0,0,0,0,0,0,0,0,0,0,0,0,0
Assam,18.3 - Counterfeit currency & Bank notes (Section 489-A to 489-E IPC),2014,31,0,31,109,0,109,13,0,13,0,0,0,153,0,153
Assam,18.3.1 - Counterfeiting currency notes or Bank notes (Section 489A IPC),2014,31,0,31,109,0,109,13,0,13,0,0,0,153,0,153
Assam,18.3.2 - Using forged or counterfeit currency/Bank notes (Section 489B IPC),2014,0,0,0,0,0,0,0,0,0,0,0,0,0,0,0
Assam,18.3.3 - Possession of forged or counterfeiting currency / Bank notes (Section 489C IPC),2014,0,0,0,0,0,0,0,0,0,0,0,0,0,0,0
Assam,18.3.4 - Make/Possess materials for forging or counterfeiting currency/Bank notes (Section 489D IPC),2014,0,0,0,0,0,0,0,0,0,0,0,0,0,0,0
Assam,18.3.5 - Make/Use documents resembling currency notes/Bank notes (Section 489 E IPC),2014,0,0,0,0,0,0,0,0,0,0,0,0,0,0,0
Assam,19 - Arson (Section 435-436 & 438 IPC),2014,898,0,898,2041,0,2041,161,0,161,0,0,0,3100,0,3100
Assam,"20 - Grievous Hurt (Section 325,326,326A & 326 B IPC)",2014,4011,23,4034,5780,29,5809,1676,2,1678,0,0,0,11467,54,11521
Assam,20.1 - Grievous Hurt (Section 325 & 326 IPC),2014,4011,23,4034,5780,29,5809,1676,2,1678,0,0,0,11467,54,11521
Assam,20.2 - Acid attack (Section 326A IPC),2014,0,0,0,0,0,0,0,0,0,0,0,0,0,0,0
Assam,20.3 - Attempt to Acid Attack (Section 326B IPC),2014,0,0,0,0,0,0,0,0,0,0,0,0,0,0,0
Assam,21 - Dowry Deaths (Section 304-B IPC),2014,33,0,33,202,0,202,49,0,49,0,0,0,284,0,284
Assam,22 - Assault on women with intent to outrage her Modesty (Section 354 IPC),2014,1144,0,1144,2045,0,2045,577,0,577,0,0,0,3766,0,3766
Assam,22.1 - Sexual Harassment (Section 354A IPC),2014,152,0,152,279,0,279,27,0,27,0,0,0,458,0,458
Assam,22.2 - Assault on women with intent to Disrobe (Section 354B IPC),2014,106,0,106,361,0,361,149,0,149,0,0,0,616,0,616
Assam,22.3 - Voyeurism (Section 354C IPC),2014,0,0,0,0,0,0,0,0,0,0,0,0,0,0,0
Assam,22.4 - Stalking (Section 354D IPC),2014,0,0,0,0,0,0,0,0,0,0,0,0,0,0,0
Assam,22.5 - Others,2014,886,0,886,1405,0,1405,401,0,401,0,0,0,2692,0,2692
Assam,23 - Insult to the Modesty of Women (Section 509 IPC),2014,0,0,0,1,0,1,0,0,0,0,0,0,1,0,1
Assam,23.1 - At Office premises,2014,0,0,0,0,0,0,0,0,0,0,0,0,0,0,0
Assam,23.2 - Places related to work other than Office,2014,0,0,0,1,0,1,0,0,0,0,0,0,1,0,1
Assam,23.3 - In Public Transport system,2014,0,0,0,0,0,0,0,0,0,0,0,0,0,0,0
Assam,23.4 - in Other Places,2014,0,0,0,0,0,0,0,0,0,0,0,0,0,0,0
Assam,24 - Cruelty by Husband or his Relatives (Section 498-A IPC),2014,3255,1,3256,8183,13,8196,1508,0,1508,0,0,0,12946,14,12960
Assam,25 - Importation of Girls from Foreign Country (Section 366-B IPC),2014,0,0,0,1,0,1,0,0,0,0,0,0,1,0,1
Assam,26 - Causing Death by Negligence (Section 304-A IPC),2014,1118,0,1118,1942,0,1942,358,0,358,0,0,0,3418,0,3418
Assam,26.1 - Deaths due to negligent driving/act,2014,261,0,261,524,0,524,56,0,56,0,0,0,841,0,841
Assam,26.2 - Deaths due to Other Causes,2014,857,0,857,1418,0,1418,302,0,302,0,0,0,2577,0,2577
Assam,"27 - Offences against State (Section 121, 121A, 122, 123, 124-A IPC)",2014,17,0,17,31,0,31,9,0,9,0,0,0,57,0,57
Assam,27.1 - Sedition (Section 124A IPC),2014,0,0,0,1,0,1,0,0,0,0,0,0,1,0,1
Assam,27.2 - Other offences against State,2014,17,0,17,30,0,30,9,0,9,0,0,0,56,0,56
Assam,28 - Offences promoting enmity between different groups (Section 153A & 153B IPC),2014,0,0,0,0,0,0,0,0,0,0,0,0,0,0,0
Assam,28.1 - Promoting enmity on ground of religion race and place of Birth (Section 153A IPC),2014,0,0,0,0,0,0,0,0,0,0,0,0,0,0,0
Assam,28.2 - Imputation & assertions prejudicial to national integration (Section 153B IPC),2014,0,0,0,0,0,0,0,0,0,0,0,0,0,0,0
Assam,29 - Extortion (Section 384 - 389 IPC),2014,435,0,435,635,0,635,162,0,162,0,0,0,1232,0,1232
Assam,30 - Disclosure of Identity of Victims (Section 228 A IPC),2014,0,0,0,0,0,0,0,0,0,0,0,0,0,0,0
Assam,31 - Incidence of Rash Driving (Section 279 IPC Read with 337 & 338),2014,1448,0,1448,1532,0,1532,229,0,229,0,0,0,3209,0,3209
Assam,32 - Human Trafficking (Section 370 & 370A IPC),2014,15,0,15,48,0,48,5,0,5,0,0,0,68,0,68
Assam,33 - Unnatural Offences U/s 377 IPC,2014,0,0,0,0,0,0,0,0,0,0,0,0,0,0,0
Assam,34 - Other IPC crimes,2014,15060,33,15093,25983,59,26042,5784,9,5793,2,0,2,46829,101,46930
Assam,35 - Total Cognizable IPC crimes,2014,46820,117,46937,83556,167,83723,16056,19,16075,2,0,2,146434,303,146737
Bihar,1 - Murder (Section 302 IPC),2014,2348,41,2389,2138,70,2208,755,18,773,44,0,44,5285,129,5414
Bihar,2 - Attempt to commit Murder (Section 307 IPC),2014,2601,159,2760,2170,108,2278,787,53,840,37,0,37,5595,320,5915
Bihar,3 - Culpable Homicide not amounting to Murder (Section 304 IPC),2014,151,0,151,89,0,89,44,0,44,9,0,9,293,0,293
Bihar,4 - Attempt to commit Culpable Homicide (Section 308 IPC),2014,316,9,325,277,37,314,178,5,183,11,0,11,782,51,833
Bihar,5 - Rape (Section 376 IPC),2014,826,0,826,274,0,274,41,0,41,0,0,0,1141,0,1141
Bihar,5.1 - Custodial Rape,2014,0,0,0,0,0,0,0,0,0,0,0,0,0,0,0
Bihar,5.1.1 - Gang Rape,2014,0,0,0,0,0,0,0,0,0,0,0,0,0,0,0
Bihar,5.1.2 - Other Rape,2014,0,0,0,0,0,0,0,0,0,0,0,0,0,0,0
Bihar,5.2 - Rape other than Custodial,2014,826,0,826,274,0,274,41,0,41,0,0,0,1141,0,1141
Bihar,5.2.1 - Gang Rape,2014,40,0,40,7,0,7,0,0,0,0,0,0,47,0,47
Bihar,5.2.2 - Other Rape,2014,786,0,786,267,0,267,41,0,41,0,0,0,1094,0,1094
Bihar,6 - Attempt to commit Rape (Section 376/511 IPC),2014,337,1,338,99,2,101,28,0,28,5,0,5,469,3,472
Bihar,"7 - Kidnapping & Abduction_Total (Section 3,364,364A, 366-369 IPC)",2014,4945,18,4963,1820,14,1834,456,2,458,13,0,13,7234,34,7268
Bihar,7.1 - Kidnapping & Abduction (Section 363 IPC),2014,354,0,354,296,0,296,70,0,70,0,0,0,720,0,720
Bihar,7.2 - Kidnaping & Abduction in order to Murder (Section 364 IPC),2014,482,1,483,267,1,268,68,0,68,8,0,8,825,2,827
Bihar,7.3 - Kidnapping for Ransom (Section 364A IPC),2014,84,0,84,47,0,47,2,0,2,0,0,0,133,0,133
Bihar,7.4 - Kidnapping & Abduction of Women to compel her for marriage (Section 366 IPC),2014,3564,14,3578,950,9,959,271,2,273,5,0,5,4790,25,4815
Bihar,7.5 - Other Kidnapping,2014,461,3,464,260,4,264,45,0,45,0,0,0,766,7,773
Bihar,"8 - Dacoity (Section 395,396-398 IPC)",2014,1109,0,1109,789,0,789,195,0,195,3,0,3,2096,0,2096
Bihar,8.1 - Dacoity with Murder (Section 396 IPC),2014,13,0,13,11,0,11,0,0,0,0,0,0,24,0,24
Bihar,8.2 - Other Dacoity,2014,1096,0,1096,778,0,778,195,0,195,3,0,3,2072,0,2072
Bihar,9 - Making Preparation and Assembly for committing Dacoity (Section 399 & 402 IPC),2014,164,0,164,78,0,78,4,0,4,0,0,0,246,0,246
Bihar,"10 - Robbery (Section 392 to 394, 397 and 398 IPC)",2014,1987,0,1987,848,0,848,217,0,217,12,0,12,3064,0,3064
Bihar,11 - Criminal Trespass/Burglary_Total (Section 453 to 460 IPC),2014,2622,0,2622,1055,0,1055,369,0,369,20,0,20,4066,0,4066
Bihar,"11.1 - Criminal Trespass/Burglary (Section 455, 457 & 458 IPC)",2014,2521,0,2521,996,0,996,365,0,365,20,0,20,3902,0,3902
Bihar,"11.2 - House Trespass & House Breaking (Section 453,454,456,459 & 460 IPC)",2014,101,0,101,59,0,59,4,0,4,0,0,0,164,0,164
Bihar,12 - Theft (Section 379 to 382 IPC),2014,9871,20,9891,4760,9,4769,1290,0,1290,112,0,112,16033,29,16062
Bihar,12.1 - Auto Theft,2014,3931,0,3931,1859,0,1859,298,0,298,84,0,84,6172,0,6172
Bihar,12.2 - Other Thefts,2014,5940,20,5960,2901,9,2910,992,0,992,28,0,28,9861,29,9890
Bihar,"13 - Unlawful Assembly (Section 143,144 & 145)",2014,406,0,406,600,0,600,636,0,636,5,0,5,1647,0,1647
Bihar,"14 - Riots (Section 147, 148, 149, 150 & 151 IPC)",2014,27765,446,28211,19465,731,20196,4541,65,4606,139,4,143,51910,1246,53156
Bihar,14.1 - Communal,2014,281,0,281,86,0,86,15,0,15,2,0,2,384,0,384
Bihar,14.2 - Industrial,2014,0,0,0,0,0,0,0,0,0,0,0,0,0,0,0
Bihar,14.3 - Political,2014,11,2,13,9,0,9,3,0,3,0,0,0,23,2,25
Bihar,14.4 - Caste Conflict,2014,45,0,45,5,0,5,0,0,0,0,0,0,50,0,50
Bihar,14.4.1 - SC/STs Vs. Non-SCs/STs,2014,0,0,0,0,0,0,0,0,0,0,0,0,0,0,0
Bihar,14.4.2 - Other Caste Riots,2014,45,0,45,5,0,5,0,0,0,0,0,0,50,0,50
Bihar,14.5 - Agrarian,2014,317,4,321,448,13,461,198,6,204,9,0,9,972,23,995
Bihar,14.6 - Students,2014,58,0,58,0,0,0,0,0,0,0,0,0,58,0,58
Bihar,14.7 - Sectarian,2014,0,0,0,0,0,0,0,0,0,0,0,0,0,0,0
Bihar,14.8 - Other Riots,2014,27053,440,27493,18917,718,19635,4325,59,4384,128,4,132,50423,1221,51644
Bihar,15 - Criminal Breach of Trust (Section 406 to 409 IPC),2014,603,0,603,639,5,644,282,0,282,0,0,0,1524,5,1529
Bihar,16 - Cheating (Section 420 IPC),2014,1665,12,1677,2422,0,2422,1130,22,1152,78,0,78,5295,34,5329
Bihar,"17 - Forgery (Section 465, 468 & 471 IPC)",2014,315,0,315,500,8,508,195,8,203,24,0,24,1034,16,1050
Bihar,"18 - Counterfeiting (Section 231-235,237-240, 242-243, 255 and 489-A to 489-E IPC)",2014,154,0,154,105,0,105,56,0,56,5,0,5,320,0,320
Bihar,"18.1 - Offences related to Counterfeit Coin (Section 231-235,237, 238-240 & 242-243 IPC)",2014,140,0,140,92,0,92,56,0,56,5,0,5,293,0,293
Bihar,18.2 - Counterfeiting Government Stamp (Section 255 IPC),2014,0,0,0,0,0,0,0,0,0,0,0,0,0,0,0
Bihar,18.3 - Counterfeit currency & Bank notes (Section 489-A to 489-E IPC),2014,14,0,14,13,0,13,0,0,0,0,0,0,27,0,27
Bihar,18.3.1 - Counterfeiting currency notes or Bank notes (Section 489A IPC),2014,9,0,9,9,0,9,0,0,0,0,0,0,18,0,18
Bihar,18.3.2 - Using forged or counterfeit currency/Bank notes (Section 489B IPC),2014,4,0,4,2,0,2,0,0,0,0,0,0,6,0,6
Bihar,18.3.3 - Possession of forged or counterfeiting currency / Bank notes (Section 489C IPC),2014,1,0,1,2,0,2,0,0,0,0,0,0,3,0,3
Bihar,18.3.4 - Make/Possess materials for forging or counterfeiting currency/Bank notes (Section 489D IPC),2014,0,0,0,0,0,0,0,0,0,0,0,0,0,0,0
Bihar,18.3.5 - Make/Use documents resembling currency notes/Bank notes (Section 489 E IPC),2014,0,0,0,0,0,0,0,0,0,0,0,0,0,0,0
Bihar,19 - Arson (Section 435-436 & 438 IPC),2014,371,2,373,343,0,343,118,0,118,5,0,5,837,2,839
Bihar,"20 - Grievous Hurt (Section 325,326,326A & 326 B IPC)",2014,10288,662,10950,8378,552,8930,3532,188,3720,151,2,153,22349,1404,23753
Bihar,20.1 - Grievous Hurt (Section 325 & 326 IPC),2014,10283,662,10945,8378,552,8930,3532,188,3720,151,2,153,22344,1404,23748
Bihar,20.2 - Acid attack (Section 326A IPC),2014,5,0,5,0,0,0,0,0,0,0,0,0,5,0,5
Bihar,20.3 - Attempt to Acid Attack (Section 326B IPC),2014,0,0,0,0,0,0,0,0,0,0,0,0,0,0,0
Bihar,21 - Dowry Deaths (Section 304-B IPC),2014,1165,64,1229,705,96,801,239,101,340,10,4,14,2119,265,2384
Bihar,22 - Assault on women with intent to outrage her Modesty (Section 354 IPC),2014,486,1,487,181,0,181,44,0,44,8,0,8,719,1,720
Bihar,22.1 - Sexual Harassment (Section 354A IPC),2014,250,1,251,79,0,79,32,0,32,0,0,0,361,1,362
Bihar,22.2 - Assault on women with intent to Disrobe (Section 354B IPC),2014,58,0,58,29,0,29,4,0,4,0,0,0,91,0,91
Bihar,22.3 - Voyeurism (Section 354C IPC),2014,5,0,5,0,0,0,0,0,0,0,0,0,5,0,5
Bihar,22.4 - Stalking (Section 354D IPC),2014,5,0,5,1,0,1,0,0,0,0,0,0,6,0,6
Bihar,22.5 - Others,2014,168,0,168,72,0,72,8,0,8,8,0,8,256,0,256
Bihar,23 - Insult to the Modesty of Women (Section 509 IPC),2014,45,0,45,26,0,26,0,0,0,0,0,0,71,0,71
Bihar,23.1 - At Office premises,2014,0,0,0,0,0,0,0,0,0,0,0,0,0,0,0
Bihar,23.2 - Places related to work other than Office,2014,0,0,0,0,0,0,0,0,0,0,0,0,0,0,0
Bihar,23.3 - In Public Transport system,2014,0,0,0,0,0,0,0,0,0,0,0,0,0,0,0
Bihar,23.4 - in Other Places,2014,45,0,45,26,0,26,0,0,0,0,0,0,71,0,71
Bihar,24 - Cruelty by Husband or his Relatives (Section 498-A IPC),2014,3198,311,3509,1462,285,1747,474,245,719,18,4,22,5152,845,5997
Bihar,25 - Importation of Girls from Foreign Country (Section 366-B IPC),2014,10,0,10,9,0,9,0,0,0,0,0,0,19,0,19
Bihar,26 - Causing Death by Negligence (Section 304-A IPC),2014,2949,38,2987,1176,12,1188,411,2,413,40,0,40,4576,52,4628
Bihar,26.1 - Deaths due to negligent driving/act,2014,2741,38,2779,1037,12,1049,334,2,336,40,0,40,4152,52,4204
Bihar,26.2 - Deaths due to Other Causes,2014,208,0,208,139,0,139,77,0,77,0,0,0,424,0,424
Bihar,"27 - Offences against State (Section 121, 121A, 122, 123, 124-A IPC)",2014,15,0,15,20,0,20,0,0,0,0,0,0,35,0,35
Bihar,27.1 - Sedition (Section 124A IPC),2014,12,0,12,16,0,16,0,0,0,0,0,0,28,0,28
Bihar,27.2 - Other offences against State,2014,3,0,3,4,0,4,0,0,0,0,0,0,7,0,7
Bihar,28 - Offences promoting enmity between different groups (Section 153A & 153B IPC),2014,0,0,0,0,0,0,0,0,0,0,0,0,0,0,0
Bihar,28.1 - Promoting enmity on ground of religion race and place of Birth (Section 153A IPC),2014,0,0,0,0,0,0,0,0,0,0,0,0,0,0,0
Bihar,28.2 - Imputation & assertions prejudicial to national integration (Section 153B IPC),2014,0,0,0,0,0,0,0,0,0,0,0,0,0,0,0
Bihar,29 - Extortion (Section 384 - 389 IPC),2014,605,0,605,390,0,390,147,0,147,0,0,0,1142,0,1142
Bihar,30 - Disclosure of Identity of Victims (Section 228 A IPC),2014,0,0,0,0,0,0,0,0,0,0,0,0,0,0,0
Bihar,31 - Incidence of Rash Driving (Section 279 IPC Read with 337 & 338),2014,2175,12,2187,964,5,969,270,10,280,0,0,0,3409,27,3436
Bihar,32 - Human Trafficking (Section 370 & 370A IPC),2014,27,0,27,31,0,31,21,0,21,0,0,0,79,0,79
Bihar,33 - Unnatural Offences U/s 377 IPC,2014,2,0,2,3,0,3,0,0,0,0,0,0,5,0,5
Bihar,34 - Other IPC crimes,2014,57785,2027,59812,27503,1401,28904,9999,843,10842,759,28,787,96046,4299,100345
Bihar,35 - Total Cognizable IPC crimes,2014,137306,3823,141129,79319,3335,82654,26459,1562,28021,1508,42,1550,244592,8762,253354
Chhattisgarh,1 - Murder (Section 302 IPC),2014,606,33,639,581,52,633,245,14,259,34,0,34,1466,99,1565
Chhattisgarh,2 - Attempt to commit Murder (Section 307 IPC),2014,491,20,511,548,13,561,157,6,163,9,3,12,1205,42,1247
Chhattisgarh,3 - Culpable Homicide not amounting to Murder (Section 304 IPC),2014,18,2,20,23,0,23,6,0,6,0,0,0,47,2,49
Chhattisgarh,4 - Attempt to commit Culpable Homicide (Section 308 IPC),2014,0,0,0,0,0,0,0,0,0,0,0,0,0,0,0
Chhattisgarh,5 - Rape (Section 376 IPC),2014,1090,11,1101,362,12,374,99,1,100,13,0,13,1564,24,1588
Chhattisgarh,5.1 - Custodial Rape,2014,0,0,0,0,0,0,0,0,0,0,0,0,0,0,0
Chhattisgarh,5.1.1 - Gang Rape,2014,0,0,0,0,0,0,0,0,0,0,0,0,0,0,0
Chhattisgarh,5.1.2 - Other Rape,2014,0,0,0,0,0,0,0,0,0,0,0,0,0,0,0
Chhattisgarh,5.2 - Rape other than Custodial,2014,1090,11,1101,362,12,374,99,1,100,13,0,13,1564,24,1588
Chhattisgarh,5.2.1 - Gang Rape,2014,156,1,157,23,2,25,6,0,6,1,0,1,186,3,189
Chhattisgarh,5.2.2 - Other Rape,2014,934,10,944,339,10,349,93,1,94,12,0,12,1378,21,1399
Chhattisgarh,6 - Attempt to commit Rape (Section 376/511 IPC),2014,13,0,13,6,0,6,1,1,2,0,0,0,20,1,21
Chhattisgarh,"7 - Kidnapping & Abduction_Total (Section 3,364,364A, 366-369 IPC)",2014,761,25,786,243,15,258,71,1,72,0,0,0,1075,41,1116
Chhattisgarh,7.1 - Kidnapping & Abduction (Section 363 IPC),2014,378,11,389,113,4,117,33,0,33,0,0,0,524,15,539
Chhattisgarh,7.2 - Kidnaping & Abduction in order to Murder (Section 364 IPC),2014,8,0,8,7,0,7,1,0,1,0,0,0,16,0,16
Chhattisgarh,7.3 - Kidnapping for Ransom (Section 364A IPC),2014,3,0,3,11,0,11,0,0,0,0,0,0,14,0,14
Chhattisgarh,7.4 - Kidnapping & Abduction of Women to compel her for marriage (Section 366 IPC),2014,182,0,182,43,3,46,8,0,8,0,0,0,233,3,236
Chhattisgarh,7.5 - Other Kidnapping,2014,190,14,204,69,8,77,29,1,30,0,0,0,288,23,311
Chhattisgarh,"8 - Dacoity (Section 395,396-398 IPC)",2014,108,0,108,75,0,75,4,0,4,0,0,0,187,0,187
Chhattisgarh,8.1 - Dacoity with Murder (Section 396 IPC),2014,1,0,1,5,0,5,0,0,0,0,0,0,6,0,6
Chhattisgarh,8.2 - Other Dacoity,2014,107,0,107,70,0,70,4,0,4,0,0,0,181,0,181
Chhattisgarh,9 - Making Preparation and Assembly for committing Dacoity (Section 399 & 402 IPC),2014,24,0,24,9,0,9,0,0,0,0,0,0,33,0,33
Chhattisgarh,"10 - Robbery (Section 392 to 394, 397 and 398 IPC)",2014,435,3,438,143,1,144,49,1,50,0,0,0,627,5,632
Chhattisgarh,11 - Criminal Trespass/Burglary_Total (Section 453 to 460 IPC),2014,1198,10,1208,579,9,588,166,3,169,9,0,9,1952,22,1974
Chhattisgarh,"11.1 - Criminal Trespass/Burglary (Section 455, 457 & 458 IPC)",2014,905,7,912,432,1,433,123,0,123,5,0,5,1465,8,1473
Chhattisgarh,"11.2 - House Trespass & House Breaking (Section 453,454,456,459 & 460 IPC)",2014,293,3,296,147,8,155,43,3,46,4,0,4,487,14,501
Chhattisgarh,12 - Theft (Section 379 to 382 IPC),2014,2207,58,2265,1078,45,1123,348,10,358,47,0,47,3680,113,3793
Chhattisgarh,12.1 - Auto Theft,2014,889,0,889,449,0,449,120,0,120,0,0,0,1458,0,1458
Chhattisgarh,12.2 - Other Thefts,2014,1318,58,1376,629,45,674,228,10,238,47,0,47,2222,113,2335
Chhattisgarh,"13 - Unlawful Assembly (Section 143,144 & 145)",2014,240,0,240,69,4,73,54,0,54,0,0,0,363,4,367
Chhattisgarh,"14 - Riots (Section 147, 148, 149, 150 & 151 IPC)",2014,1809,142,1951,1440,112,1552,644,44,688,94,8,102,3987,306,4293
Chhattisgarh,14.1 - Communal,2014,0,0,0,0,0,0,0,0,0,0,0,0,0,0,0
Chhattisgarh,14.2 - Industrial,2014,4,0,4,2,0,2,0,0,0,0,0,0,6,0,6
Chhattisgarh,14.3 - Political,2014,9,0,9,12,0,12,2,0,2,2,0,2,25,0,25
Chhattisgarh,14.4 - Caste Conflict,2014,355,15,370,243,9,252,88,2,90,1,3,4,687,29,716
Chhattisgarh,14.4.1 - SC/STs Vs. Non-SCs/STs,2014,21,0,21,12,0,12,2,0,2,0,0,0,35,0,35
Chhattisgarh,14.4.2 - Other Caste Riots,2014,334,15,349,231,9,240,86,2,88,1,3,4,652,29,681
Chhattisgarh,14.5 - Agrarian,2014,19,2,21,13,2,15,5,0,5,1,0,1,38,4,42
Chhattisgarh,14.6 - Students,2014,5,0,5,0,0,0,0,0,0,0,0,0,5,0,5
Chhattisgarh,14.7 - Sectarian,2014,0,0,0,0,0,0,0,0,0,0,0,0,0,0,0
Chhattisgarh,14.8 - Other Riots,2014,1417,125,1542,1170,101,1271,549,42,591,90,5,95,3226,273,3499
Chhattisgarh,15 - Criminal Breach of Trust (Section 406 to 409 IPC),2014,90,0,90,81,1,82,33,1,34,0,0,0,204,2,206
Chhattisgarh,16 - Cheating (Section 420 IPC),2014,332,29,361,402,16,418,225,1,226,13,2,15,972,48,1020
Chhattisgarh,"17 - Forgery (Section 465, 468 & 471 IPC)",2014,31,0,31,40,0,40,1,0,1,0,0,0,72,0,72
Chhattisgarh,"18 - Counterfeiting (Section 231-235,237-240, 242-243, 255 and 489-A to 489-E IPC)",2014,8,0,8,29,0,29,1,0,1,0,0,0,38,0,38
Chhattisgarh,"18.1 - Offences related to Counterfeit Coin (Section 231-235,237, 238-240 & 242-243 IPC)",2014,0,0,0,0,0,0,0,0,0,0,0,0,0,0,0
Chhattisgarh,18.2 - Counterfeiting Government Stamp (Section 255 IPC),2014,0,0,0,0,0,0,0,0,0,0,0,0,0,0,0
Chhattisgarh,18.3 - Counterfeit currency & Bank notes (Section 489-A to 489-E IPC),2014,8,0,8,29,0,29,1,0,1,0,0,0,38,0,38
Chhattisgarh,18.3.1 - Counterfeiting currency notes or Bank notes (Section 489A IPC),2014,6,0,6,19,0,19,1,0,1,0,0,0,26,0,26
Chhattisgarh,18.3.2 - Using forged or counterfeit currency/Bank notes (Section 489B IPC),2014,2,0,2,10,0,10,0,0,0,0,0,0,12,0,12
Chhattisgarh,18.3.3 - Possession of forged or counterfeiting currency / Bank notes (Section 489C IPC),2014,0,0,0,0,0,0,0,0,0,0,0,0,0,0,0
Chhattisgarh,18.3.4 - Make/Possess materials for forging or counterfeiting currency/Bank notes (Section 489D IPC),2014,0,0,0,0,0,0,0,0,0,0,0,0,0,0,0
Chhattisgarh,18.3.5 - Make/Use documents resembling currency notes/Bank notes (Section 489 E IPC),2014,0,0,0,0,0,0,0,0,0,0,0,0,0,0,0
Chhattisgarh,19 - Arson (Section 435-436 & 438 IPC),2014,137,0,137,132,2,134,20,1,21,3,0,3,292,3,295
Chhattisgarh,"20 - Grievous Hurt (Section 325,326,326A & 326 B IPC)",2014,2724,160,2884,1842,169,2011,608,97,705,38,4,42,5212,430,5642
Chhattisgarh,20.1 - Grievous Hurt (Section 325 & 326 IPC),2014,2721,160,2881,1842,169,2011,608,97,705,38,4,42,5209,430,5639
Chhattisgarh,20.2 - Acid attack (Section 326A IPC),2014,3,0,3,0,0,0,0,0,0,0,0,0,3,0,3
Chhattisgarh,20.3 - Attempt to Acid Attack (Section 326B IPC),2014,0,0,0,0,0,0,0,0,0,0,0,0,0,0,0
Chhattisgarh,21 - Dowry Deaths (Section 304-B IPC),2014,121,21,142,76,35,111,35,32,67,8,9,17,240,97,337
Chhattisgarh,22 - Assault on women with intent to outrage her Modesty (Section 354 IPC),2014,1696,1,1697,925,4,929,328,0,328,16,0,16,2965,5,2970
Chhattisgarh,22.1 - Sexual Harassment (Section 354A IPC),2014,443,0,443,180,0,180,42,0,42,4,0,4,669,0,669
Chhattisgarh,22.2 - Assault on women with intent to Disrobe (Section 354B IPC),2014,60,1,61,22,1,23,2,0,2,0,0,0,84,2,86
Chhattisgarh,22.3 - Voyeurism (Section 354C IPC),2014,13,0,13,0,0,0,0,0,0,0,0,0,13,0,13
Chhattisgarh,22.4 - Stalking (Section 354D IPC),2014,142,0,142,46,0,46,4,0,4,0,0,0,192,0,192
Chhattisgarh,22.5 - Others,2014,1038,0,1038,677,3,680,280,0,280,12,0,12,2007,3,2010
Chhattisgarh,23 - Insult to the Modesty of Women (Section 509 IPC),2014,63,1,64,24,0,24,3,0,3,0,0,0,90,1,91
Chhattisgarh,23.1 - At Office premises,2014,0,0,0,0,0,0,0,0,0,0,0,0,0,0,0
Chhattisgarh,23.2 - Places related to work other than Office,2014,12,0,12,1,0,1,0,0,0,0,0,0,13,0,13
Chhattisgarh,23.3 - In Public Transport system,2014,0,0,0,0,0,0,0,0,0,0,0,0,0,0,0
Chhattisgarh,23.4 - in Other Places,2014,51,1,52,23,0,23,3,0,3,0,0,0,77,1,78
Chhattisgarh,24 - Cruelty by Husband or his Relatives (Section 498-A IPC),2014,771,186,957,633,253,886,333,225,558,78,51,129,1815,715,2530
Chhattisgarh,25 - Importation of Girls from Foreign Country (Section 366-B IPC),2014,0,0,0,0,0,0,0,0,0,0,0,0,0,0,0
Chhattisgarh,26 - Causing Death by Negligence (Section 304-A IPC),2014,1178,4,1182,1090,2,1092,382,0,382,12,0,12,2662,6,2668
Chhattisgarh,26.1 - Deaths due to negligent driving/act,2014,1066,2,1068,947,1,948,277,0,277,11,0,11,2301,3,2304
Chhattisgarh,26.2 - Deaths due to Other Causes,2014,112,2,114,143,1,144,105,0,105,1,0,1,361,3,364
Chhattisgarh,"27 - Offences against State (Section 121, 121A, 122, 123, 124-A IPC)",2014,3,0,3,4,0,4,0,0,0,0,0,0,7,0,7
Chhattisgarh,27.1 - Sedition (Section 124A IPC),2014,0,0,0,1,0,1,0,0,0,0,0,0,1,0,1
Chhattisgarh,27.2 - Other offences against State,2014,3,0,3,3,0,3,0,0,0,0,0,0,6,0,6
Chhattisgarh,28 - Offences promoting enmity between different groups (Section 153A & 153B IPC),2014,2,0,2,0,0,0,0,0,0,0,0,0,2,0,2
Chhattisgarh,28.1 - Promoting enmity on ground of religion race and place of Birth (Section 153A IPC),2014,2,0,2,0,0,0,0,0,0,0,0,0,2,0,2
Chhattisgarh,28.2 - Imputation & assertions prejudicial to national integration (Section 153B IPC),2014,0,0,0,0,0,0,0,0,0,0,0,0,0,0,0
Chhattisgarh,29 - Extortion (Section 384 - 389 IPC),2014,60,2,62,24,1,25,5,0,5,0,0,0,89,3,92
Chhattisgarh,30 - Disclosure of Identity of Victims (Section 228 A IPC),2014,0,0,0,0,0,0,0,0,0,0,0,0,0,0,0
Chhattisgarh,31 - Incidence of Rash Driving (Section 279 IPC Read with 337 & 338),2014,3491,14,3505,2601,18,2619,901,0,901,65,0,65,7058,32,7090
Chhattisgarh,32 - Human Trafficking (Section 370 & 370A IPC),2014,21,18,39,21,9,30,2,2,4,2,1,3,46,30,76
Chhattisgarh,33 - Unnatural Offences U/s 377 IPC,2014,11,0,11,6,0,6,0,0,0,0,0,0,17,0,17
Chhattisgarh,34 - Other IPC crimes,2014,13213,927,14140,12038,1067,13105,5238,542,5780,375,36,411,30864,2572,33436
Chhattisgarh,35 - Total Cognizable IPC crimes,2014,32952,1667,34619,25124,1840,26964,9959,982,10941,816,114,930,68851,4603,73454
Goa,1 - Murder (Section 302 IPC),2014,23,0,23,18,0,18,3,0,3,0,1,1,44,1,45
Goa,2 - Attempt to commit Murder (Section 307 IPC),2014,54,1,55,23,2,25,2,1,3,1,0,1,80,4,84
Goa,3 - Culpable Homicide not amounting to Murder (Section 304 IPC),2014,5,0,5,10,0,10,7,0,7,5,0,5,27,0,27
Goa,4 - Attempt to commit Culpable Homicide (Section 308 IPC),2014,0,0,0,0,0,0,0,0,0,0,0,0,0,0,0
Goa,5 - Rape (Section 376 IPC),2014,51,1,52,34,2,36,5,1,6,3,2,5,93,6,99
Goa,5.1 - Custodial Rape,2014,0,0,0,0,0,0,0,0,0,0,0,0,0,0,0
Goa,5.1.1 - Gang Rape,2014,0,0,0,0,0,0,0,0,0,0,0,0,0,0,0
Goa,5.1.2 - Other Rape,2014,0,0,0,0,0,0,0,0,0,0,0,0,0,0,0
Goa,5.2 - Rape other than Custodial,2014,51,1,52,34,2,36,5,1,6,3,2,5,93,6,99
Goa,5.2.1 - Gang Rape,2014,2,0,2,0,0,0,0,0,0,0,0,0,2,0,2
Goa,5.2.2 - Other Rape,2014,49,1,50,34,2,36,5,1,6,3,2,5,91,6,97
Goa,6 - Attempt to commit Rape (Section 376/511 IPC),2014,2,0,2,0,0,0,0,0,0,0,0,0,2,0,2
Goa,"7 - Kidnapping & Abduction_Total (Section 3,364,364A, 366-369 IPC)",2014,36,3,39,12,2,14,0,1,1,0,0,0,48,6,54
Goa,7.1 - Kidnapping & Abduction (Section 363 IPC),2014,29,3,32,9,2,11,0,1,1,0,0,0,38,6,44
Goa,7.2 - Kidnaping & Abduction in order to Murder (Section 364 IPC),2014,0,0,0,0,0,0,0,0,0,0,0,0,0,0,0
Goa,7.3 - Kidnapping for Ransom (Section 364A IPC),2014,2,0,2,1,0,1,0,0,0,0,0,0,3,0,3
Goa,7.4 - Kidnapping & Abduction of Women to compel her for marriage (Section 366 IPC),2014,0,0,0,0,0,0,0,0,0,0,0,0,0,0,0
Goa,7.5 - Other Kidnapping,2014,5,0,5,2,0,2,0,0,0,0,0,0,7,0,7
Goa,"8 - Dacoity (Section 395,396-398 IPC)",2014,27,0,27,4,0,4,1,0,1,0,0,0,32,0,32
Goa,8.1 - Dacoity with Murder (Section 396 IPC),2014,0,0,0,0,0,0,0,0,0,0,0,0,0,0,0
Goa,8.2 - Other Dacoity,2014,27,0,27,4,0,4,1,0,1,0,0,0,32,0,32
Goa,9 - Making Preparation and Assembly for committing Dacoity (Section 399 & 402 IPC),2014,0,0,0,0,0,0,0,0,0,0,0,0,0,0,0
Goa,"10 - Robbery (Section 392 to 394, 397 and 398 IPC)",2014,23,0,23,13,4,17,2,0,2,0,0,0,38,4,42
Goa,11 - Criminal Trespass/Burglary_Total (Section 453 to 460 IPC),2014,150,7,157,52,7,59,13,3,16,1,0,1,216,17,233
Goa,"11.1 - Criminal Trespass/Burglary (Section 455, 457 & 458 IPC)",2014,121,3,124,40,4,44,11,2,13,0,0,0,172,9,181
Goa,"11.2 - House Trespass & House Breaking (Section 453,454,456,459 & 460 IPC)",2014,29,4,33,12,3,15,2,1,3,1,0,1,44,8,52
Goa,12 - Theft (Section 379 to 382 IPC),2014,344,28,372,159,25,184,29,4,33,8,2,10,540,59,599
Goa,12.1 - Auto Theft,2014,90,0,90,30,1,31,2,0,2,1,0,1,123,1,124
Goa,12.2 - Other Thefts,2014,254,28,282,129,24,153,27,4,31,7,2,9,417,58,475
Goa,"13 - Unlawful Assembly (Section 143,144 & 145)",2014,19,3,22,25,2,27,13,1,14,3,1,4,60,7,67
Goa,"14 - Riots (Section 147, 148, 149, 150 & 151 IPC)",2014,192,7,199,206,23,229,62,13,75,12,3,15,472,46,518
Goa,14.1 - Communal,2014,0,0,0,0,0,0,0,0,0,0,0,0,0,0,0
Goa,14.2 - Industrial,2014,0,0,0,0,0,0,0,0,0,0,0,0,0,0,0
Goa,14.3 - Political,2014,0,0,0,0,0,0,0,0,0,0,0,0,0,0,0
Goa,14.4 - Caste Conflict,2014,0,0,0,0,0,0,0,0,0,0,0,0,0,0,0
Goa,14.4.1 - SC/STs Vs. Non-SCs/STs,2014,0,0,0,0,0,0,0,0,0,0,0,0,0,0,0
Goa,14.4.2 - Other Caste Riots,2014,0,0,0,0,0,0,0,0,0,0,0,0,0,0,0
Goa,14.5 - Agrarian,2014,0,0,0,0,0,0,0,0,0,0,0,0,0,0,0
Goa,14.6 - Students,2014,0,0,0,0,0,0,0,0,0,0,0,0,0,0,0
Goa,14.7 - Sectarian,2014,0,0,0,0,0,0,0,0,0,0,0,0,0,0,0
Goa,14.8 - Other Riots,2014,192,7,199,206,23,229,62,13,75,12,3,15,472,46,518
Goa,15 - Criminal Breach of Trust (Section 406 to 409 IPC),2014,23,0,23,18,0,18,4,0,4,1,0,1,46,0,46
Goa,16 - Cheating (Section 420 IPC),2014,39,4,43,66,7,73,26,2,28,8,0,8,139,13,152
Goa,"17 - Forgery (Section 465, 468 & 471 IPC)",2014,0,0,0,3,0,3,0,0,0,0,0,0,3,0,3
Goa,"18 - Counterfeiting (Section 231-235,237-240, 242-243, 255 and 489-A to 489-E IPC)",2014,4,1,5,0,0,0,0,0,0,0,0,0,4,1,5
Goa,"18.1 - Offences related to Counterfeit Coin (Section 231-235,237, 238-240 & 242-243 IPC)",2014,0,0,0,0,0,0,0,0,0,0,0,0,0,0,0
Goa,18.2 - Counterfeiting Government Stamp (Section 255 IPC),2014,0,0,0,0,0,0,0,0,0,0,0,0,0,0,0
Goa,18.3 - Counterfeit currency & Bank notes (Section 489-A to 489-E IPC),2014,4,1,5,0,0,0,0,0,0,0,0,0,4,1,5
Goa,18.3.1 - Counterfeiting currency notes or Bank notes (Section 489A IPC),2014,4,1,5,0,0,0,0,0,0,0,0,0,4,1,5
Goa,18.3.2 - Using forged or counterfeit currency/Bank notes (Section 489B IPC),2014,0,0,0,0,0,0,0,0,0,0,0,0,0,0,0
Goa,18.3.3 - Possession of forged or counterfeiting currency / Bank notes (Section 489C IPC),2014,0,0,0,0,0,0,0,0,0,0,0,0,0,0,0
Goa,18.3.4 - Make/Possess materials for forging or counterfeiting currency/Bank notes (Section 489D IPC),2014,0,0,0,0,0,0,0,0,0,0,0,0,0,0,0
Goa,18.3.5 - Make/Use documents resembling currency notes/Bank notes (Section 489 E IPC),2014,0,0,0,0,0,0,0,0,0,0,0,0,0,0,0
Goa,19 - Arson (Section 435-436 & 438 IPC),2014,17,1,18,13,0,13,3,0,3,1,0,1,34,1,35
Goa,"20 - Grievous Hurt (Section 325,326,326A & 326 B IPC)",2014,65,1,66,62,4,66,25,1,26,5,0,5,157,6,163
Goa,20.1 - Grievous Hurt (Section 325 & 326 IPC),2014,65,1,66,62,4,66,25,1,26,5,0,5,157,6,163
Goa,20.2 - Acid attack (Section 326A IPC),2014,0,0,0,0,0,0,0,0,0,0,0,0,0,0,0
Goa,20.3 - Attempt to Acid Attack (Section 326B IPC),2014,0,0,0,0,0,0,0,0,0,0,0,0,0,0,0
Goa,21 - Dowry Deaths (Section 304-B IPC),2014,0,0,0,0,0,0,0,0,0,0,0,0,0,0,0
Goa,22 - Assault on women with intent to outrage her Modesty (Section 354 IPC),2014,93,2,95,49,1,50,32,3,35,7,0,7,181,6,187
Goa,22.1 - Sexual Harassment (Section 354A IPC),2014,17,0,17,19,0,19,17,1,18,2,0,2,55,1,56
Goa,22.2 - Assault on women with intent to Disrobe (Section 354B IPC),2014,1,0,1,3,0,3,0,0,0,0,0,0,4,0,4
Goa,22.3 - Voyeurism (Section 354C IPC),2014,3,0,3,2,0,2,0,0,0,2,0,2,7,0,7
Goa,22.4 - Stalking (Section 354D IPC),2014,11,0,11,7,0,7,1,0,1,0,0,0,19,0,19
Goa,22.5 - Others,2014,61,2,63,18,1,19,14,2,16,3,0,3,96,5,101
Goa,23 - Insult to the Modesty of Women (Section 509 IPC),2014,22,0,22,12,1,13,10,1,11,1,0,1,45,2,47
Goa,23.1 - At Office premises,2014,0,0,0,1,0,1,0,0,0,0,0,0,1,0,1
Goa,23.2 - Places related to work other than Office,2014,0,0,0,0,0,0,0,0,0,0,0,0,0,0,0
Goa,23.3 - In Public Transport system,2014,0,0,0,0,0,0,0,0,0,0,0,0,0,0,0
Goa,23.4 - in Other Places,2014,22,0,22,11,1,12,10,1,11,1,0,1,44,2,46
Goa,24 - Cruelty by Husband or his Relatives (Section 498-A IPC),2014,9,2,11,12,4,16,3,3,6,2,3,5,26,12,38
Goa,25 - Importation of Girls from Foreign Country (Section 366-B IPC),2014,0,0,0,0,0,0,0,0,0,0,0,0,0,0,0
Goa,26 - Causing Death by Negligence (Section 304-A IPC),2014,68,1,69,64,1,65,28,1,29,1,0,1,161,3,164
Goa,26.1 - Deaths due to negligent driving/act,2014,66,1,67,61,1,62,28,1,29,1,0,1,156,3,159
Goa,26.2 - Deaths due to Other Causes,2014,2,0,2,3,0,3,0,0,0,0,0,0,5,0,5
Goa,"27 - Offences against State (Section 121, 121A, 122, 123, 124-A IPC)",2014,0,0,0,0,0,0,0,0,0,0,0,0,0,0,0
Goa,27.1 - Sedition (Section 124A IPC),2014,0,0,0,0,0,0,0,0,0,0,0,0,0,0,0
Goa,27.2 - Other offences against State,2014,0,0,0,0,0,0,0,0,0,0,0,0,0,0,0
Goa,28 - Offences promoting enmity between different groups (Section 153A & 153B IPC),2014,0,0,0,0,0,0,0,0,0,0,0,0,0,0,0
Goa,28.1 - Promoting enmity on ground of religion race and place of Birth (Section 153A IPC),2014,0,0,0,0,0,0,0,0,0,0,0,0,0,0,0
Goa,28.2 - Imputation & assertions prejudicial to national integration (Section 153B IPC),2014,0,0,0,0,0,0,0,0,0,0,0,0,0,0,0
Goa,29 - Extortion (Section 384 - 389 IPC),2014,11,0,11,11,1,12,0,0,0,0,0,0,22,1,23
Goa,30 - Disclosure of Identity of Victims (Section 228 A IPC),2014,0,0,0,0,0,0,0,0,0,0,0,0,0,0,0
Goa,31 - Incidence of Rash Driving (Section 279 IPC Read with 337 & 338),2014,240,4,244,198,2,200,56,2,58,8,0,8,502,8,510
Goa,32 - Human Trafficking (Section 370 & 370A IPC),2014,32,5,37,16,0,16,6,0,6,1,0,1,55,5,60
Goa,33 - Unnatural Offences U/s 377 IPC,2014,0,0,0,0,0,0,0,0,0,0,0,0,0,0,0
Goa,34 - Other IPC crimes,2014,300,11,311,257,16,273,91,19,110,17,1,18,665,47,712
Goa,35 - Total Cognizable IPC crimes,2014,1849,82,1931,1337,104,1441,421,56,477,85,13,98,3692,255,3947
Gujarat,1 - Murder (Section 302 IPC),2014,957,66,1023,924,85,1009,313,26,339,32,5,37,2226,182,2408
Gujarat,2 - Attempt to commit Murder (Section 307 IPC),2014,1207,49,1256,1201,69,1270,370,40,410,20,4,24,2798,162,2960
Gujarat,3 - Culpable Homicide not amounting to Murder (Section 304 IPC),2014,30,1,31,44,4,48,19,2,21,3,0,3,96,7,103
Gujarat,4 - Attempt to commit Culpable Homicide (Section 308 IPC),2014,12,0,12,1,0,1,0,0,0,0,0,0,13,0,13
Gujarat,5 - Rape (Section 376 IPC),2014,674,27,701,347,27,374,69,16,85,4,1,5,1094,71,1165
Gujarat,5.1 - Custodial Rape,2014,0,0,0,0,0,0,0,0,0,0,0,0,0,0,0
Gujarat,5.1.1 - Gang Rape,2014,0,0,0,0,0,0,0,0,0,0,0,0,0,0,0
Gujarat,5.1.2 - Other Rape,2014,0,0,0,0,0,0,0,0,0,0,0,0,0,0,0
Gujarat,5.2 - Rape other than Custodial,2014,674,27,701,347,27,374,69,16,85,4,1,5,1094,71,1165
Gujarat,5.2.1 - Gang Rape,2014,48,0,48,16,0,16,0,0,0,0,0,0,64,0,64
Gujarat,5.2.2 - Other Rape,2014,626,27,653,331,27,358,69,16,85,4,1,5,1030,71,1101
Gujarat,6 - Attempt to commit Rape (Section 376/511 IPC),2014,5,0,5,0,0,0,1,0,1,1,0,1,7,0,7
Gujarat,"7 - Kidnapping & Abduction_Total (Section 3,364,364A, 366-369 IPC)",2014,1856,37,1893,790,57,847,155,22,177,10,0,10,2811,116,2927
Gujarat,7.1 - Kidnapping & Abduction (Section 363 IPC),2014,457,8,465,177,15,192,45,9,54,2,0,2,681,32,713
Gujarat,7.2 - Kidnaping & Abduction in order to Murder (Section 364 IPC),2014,0,0,0,0,0,0,0,0,0,0,0,0,0,0,0
Gujarat,7.3 - Kidnapping for Ransom (Section 364A IPC),2014,53,3,56,44,1,45,5,0,5,0,0,0,102,4,106
Gujarat,7.4 - Kidnapping & Abduction of Women to compel her for marriage (Section 366 IPC),2014,1032,18,1050,353,27,380,53,12,65,6,0,6,1444,57,1501
Gujarat,7.5 - Other Kidnapping,2014,314,8,322,216,14,230,52,1,53,2,0,2,584,23,607
Gujarat,"8 - Dacoity (Section 395,396-398 IPC)",2014,669,7,676,565,31,596,113,6,119,5,0,5,1352,44,1396
Gujarat,8.1 - Dacoity with Murder (Section 396 IPC),2014,0,0,0,0,0,0,0,0,0,0,0,0,0,0,0
Gujarat,8.2 - Other Dacoity,2014,669,7,676,565,31,596,113,6,119,5,0,5,1352,44,1396
Gujarat,9 - Making Preparation and Assembly for committing Dacoity (Section 399 & 402 IPC),2014,33,0,33,34,1,35,9,0,9,0,0,0,76,1,77
Gujarat,"10 - Robbery (Section 392 to 394, 397 and 398 IPC)",2014,1061,6,1067,598,17,615,95,0,95,2,0,2,1756,23,1779
Gujarat,11 - Criminal Trespass/Burglary_Total (Section 453 to 460 IPC),2014,1763,22,1785,1036,17,1053,253,6,259,6,0,6,3058,45,3103
Gujarat,"11.1 - Criminal Trespass/Burglary (Section 455, 457 & 458 IPC)",2014,749,7,756,390,5,395,77,4,81,3,0,3,1219,16,1235
Gujarat,"11.2 - House Trespass & House Breaking (Section 453,454,456,459 & 460 IPC)",2014,1014,15,1029,646,12,658,176,2,178,3,0,3,1839,29,1868
Gujarat,12 - Theft (Section 379 to 382 IPC),2014,5539,122,5661,3238,108,3346,787,23,810,18,3,21,9582,256,9838
Gujarat,12.1 - Auto Theft,2014,2212,1,2213,1147,1,1148,217,1,218,0,0,0,3576,3,3579
Gujarat,12.2 - Other Thefts,2014,3327,121,3448,2091,107,2198,570,22,592,18,3,21,6006,253,6259
Gujarat,"13 - Unlawful Assembly (Section 143,144 & 145)",2014,682,45,727,590,72,662,181,13,194,8,2,10,1461,132,1593
Gujarat,"14 - Riots (Section 147, 148, 149, 150 & 151 IPC)",2014,4020,199,4219,3657,331,3988,1347,118,1465,112,14,126,9136,662,9798
Gujarat,14.1 - Communal,2014,439,0,439,269,6,275,68,1,69,0,0,0,776,7,783
Gujarat,14.2 - Industrial,2014,10,0,10,3,0,3,2,0,2,0,0,0,15,0,15
Gujarat,14.3 - Political,2014,28,3,31,39,2,41,35,2,37,6,0,6,108,7,115
Gujarat,14.4 - Caste Conflict,2014,342,20,362,288,35,323,90,15,105,6,1,7,726,71,797
Gujarat,14.4.1 - SC/STs Vs. Non-SCs/STs,2014,105,11,116,91,10,101,28,3,31,1,1,2,225,25,250
Gujarat,14.4.2 - Other Caste Riots,2014,237,9,246,197,25,222,62,12,74,5,0,5,501,46,547
Gujarat,14.5 - Agrarian,2014,172,8,180,161,17,178,67,2,69,6,2,8,406,29,435
Gujarat,14.6 - Students,2014,1,0,1,0,0,0,0,0,0,0,0,0,1,0,1
Gujarat,14.7 - Sectarian,2014,2,0,2,13,0,13,4,0,4,0,0,0,19,0,19
Gujarat,14.8 - Other Riots,2014,3026,168,3194,2884,271,3155,1081,98,1179,94,11,105,7085,548,7633
Gujarat,15 - Criminal Breach of Trust (Section 406 to 409 IPC),2014,438,69,507,850,87,937,310,37,347,41,5,46,1639,198,1837
Gujarat,16 - Cheating (Section 420 IPC),2014,586,33,619,978,97,1075,460,54,514,45,8,53,2069,192,2261
Gujarat,"17 - Forgery (Section 465, 468 & 471 IPC)",2014,131,5,136,220,6,226,82,1,83,5,0,5,438,12,450
Gujarat,"18 - Counterfeiting (Section 231-235,237-240, 242-243, 255 and 489-A to 489-E IPC)",2014,14,1,15,39,7,46,0,0,0,0,0,0,53,8,61
Gujarat,"18.1 - Offences related to Counterfeit Coin (Section 231-235,237, 238-240 & 242-243 IPC)",2014,1,0,1,0,0,0,0,0,0,0,0,0,1,0,1
Gujarat,18.2 - Counterfeiting Government Stamp (Section 255 IPC),2014,0,0,0,0,0,0,0,0,0,0,0,0,0,0,0
Gujarat,18.3 - Counterfeit currency & Bank notes (Section 489-A to 489-E IPC),2014,13,1,14,39,7,46,0,0,0,0,0,0,52,8,60
Gujarat,18.3.1 - Counterfeiting currency notes or Bank notes (Section 489A IPC),2014,10,1,11,24,7,31,0,0,0,0,0,0,34,8,42
Gujarat,18.3.2 - Using forged or counterfeit currency/Bank notes (Section 489B IPC),2014,1,0,1,2,0,2,0,0,0,0,0,0,3,0,3
Gujarat,18.3.3 - Possession of forged or counterfeiting currency / Bank notes (Section 489C IPC),2014,2,0,2,12,0,12,0,0,0,0,0,0,14,0,14
Gujarat,18.3.4 - Make/Possess materials for forging or counterfeiting currency/Bank notes (Section 489D IPC),2014,0,0,0,0,0,0,0,0,0,0,0,0,0,0,0
Gujarat,18.3.5 - Make/Use documents resembling currency notes/Bank notes (Section 489 E IPC),2014,0,0,0,1,0,1,0,0,0,0,0,0,1,0,1
Gujarat,19 - Arson (Section 435-436 & 438 IPC),2014,160,2,162,165,10,175,58,2,60,4,0,4,387,14,401
Gujarat,"20 - Grievous Hurt (Section 325,326,326A & 326 B IPC)",2014,2906,148,3054,2704,218,2922,1052,60,1112,53,5,58,6715,431,7146
Gujarat,20.1 - Grievous Hurt (Section 325 & 326 IPC),2014,2903,148,3051,2700,216,2916,1049,60,1109,53,5,58,6705,429,7134
Gujarat,20.2 - Acid attack (Section 326A IPC),2014,1,0,1,3,2,5,3,0,3,0,0,0,7,2,9
Gujarat,20.3 - Attempt to Acid Attack (Section 326B IPC),2014,2,0,2,1,0,1,0,0,0,0,0,0,3,0,3
Gujarat,21 - Dowry Deaths (Section 304-B IPC),2014,11,5,16,16,6,22,16,4,20,0,1,1,43,16,59
Gujarat,22 - Assault on women with intent to outrage her Modesty (Section 354 IPC),2014,1069,34,1103,661,35,696,154,10,164,12,3,15,1896,82,1978
Gujarat,22.1 - Sexual Harassment (Section 354A IPC),2014,347,8,355,152,7,159,38,4,42,4,0,4,541,19,560
Gujarat,22.2 - Assault on women with intent to Disrobe (Section 354B IPC),2014,39,1,40,26,3,29,6,0,6,0,0,0,71,4,75
Gujarat,22.3 - Voyeurism (Section 354C IPC),2014,7,0,7,2,0,2,1,0,1,0,0,0,10,0,10
Gujarat,22.4 - Stalking (Section 354D IPC),2014,47,1,48,24,3,27,7,0,7,0,0,0,78,4,82
Gujarat,22.5 - Others,2014,629,24,653,457,22,479,102,6,108,8,3,11,1196,55,1251
Gujarat,23 - Insult to the Modesty of Women (Section 509 IPC),2014,130,2,132,45,2,47,10,0,10,2,0,2,187,4,191
Gujarat,23.1 - At Office premises,2014,1,0,1,0,0,0,0,0,0,0,0,0,1,0,1
Gujarat,23.2 - Places related to work other than Office,2014,1,0,1,2,0,2,0,0,0,0,0,0,3,0,3
Gujarat,23.3 - In Public Transport system,2014,0,0,0,0,0,0,0,0,0,0,0,0,0,0,0
Gujarat,23.4 - in Other Places,2014,128,2,130,43,2,45,10,0,10,2,0,2,183,4,187
Gujarat,24 - Cruelty by Husband or his Relatives (Section 498-A IPC),2014,4695,1734,6429,5185,2480,7665,2538,1774,4312,446,316,762,12864,6304,19168
Gujarat,25 - Importation of Girls from Foreign Country (Section 366-B IPC),2014,0,0,0,0,0,0,0,0,0,0,0,0,0,0,0
Gujarat,26 - Causing Death by Negligence (Section 304-A IPC),2014,1959,6,1965,2537,10,2547,865,0,865,41,0,41,5402,16,5418
Gujarat,26.1 - Deaths due to negligent driving/act,2014,1931,6,1937,2498,9,2507,855,0,855,40,0,40,5324,15,5339
Gujarat,26.2 - Deaths due to Other Causes,2014,28,0,28,39,1,40,10,0,10,1,0,1,78,1,79
Gujarat,"27 - Offences against State (Section 121, 121A, 122, 123, 124-A IPC)",2014,0,0,0,0,0,0,0,0,0,0,0,0,0,0,0
Gujarat,27.1 - Sedition (Section 124A IPC),2014,0,0,0,0,0,0,0,0,0,0,0,0,0,0,0
Gujarat,27.2 - Other offences against State,2014,0,0,0,0,0,0,0,0,0,0,0,0,0,0,0
Gujarat,28 - Offences promoting enmity between different groups (Section 153A & 153B IPC),2014,15,0,15,3,0,3,3,0,3,0,0,0,21,0,21
Gujarat,28.1 - Promoting enmity on ground of religion race and place of Birth (Section 153A IPC),2014,15,0,15,3,0,3,2,0,2,0,0,0,20,0,20
Gujarat,28.2 - Imputation & assertions prejudicial to national integration (Section 153B IPC),2014,0,0,0,0,0,0,1,0,1,0,0,0,1,0,1
Gujarat,29 - Extortion (Section 384 - 389 IPC),2014,163,8,171,154,6,160,34,3,37,2,1,3,353,18,371
Gujarat,30 - Disclosure of Identity of Victims (Section 228 A IPC),2014,0,0,0,0,0,0,0,0,0,0,0,0,0,0,0
Gujarat,31 - Incidence of Rash Driving (Section 279 IPC Read with 337 & 338),2014,13340,68,13408,11155,60,11215,4070,10,4080,125,0,125,28690,138,28828
Gujarat,32 - Human Trafficking (Section 370 & 370A IPC),2014,1,0,1,10,0,10,0,0,0,0,0,0,11,0,11
Gujarat,33 - Unnatural Offences U/s 377 IPC,2014,12,0,12,2,1,3,4,0,4,1,0,1,19,1,20
Gujarat,34 - Other IPC crimes,2014,26940,1820,28760,28042,2129,30171,12864,912,13776,900,111,1011,68746,4972,73718
Gujarat,35 - Total Cognizable IPC crimes,2014,71078,4516,75594,65791,5973,71764,26232,3139,29371,1898,479,2377,164999,14107,179106
Haryana,1 - Murder (Section 302 IPC),2014,869,40,909,648,51,699,271,12,283,7,0,7,1795,103,1898
Haryana,2 - Attempt to commit Murder (Section 307 IPC),2014,766,12,778,472,14,486,237,9,246,10,0,10,1485,35,1520
Haryana,3 - Culpable Homicide not amounting to Murder (Section 304 IPC),2014,39,0,39,39,0,39,6,0,6,0,0,0,84,0,84
Haryana,4 - Attempt to commit Culpable Homicide (Section 308 IPC),2014,6,0,6,2,0,2,0,0,0,0,0,0,8,0,8
Haryana,5 - Rape (Section 376 IPC),2014,950,17,967,324,19,343,69,3,72,2,1,3,1345,40,1385
Haryana,5.1 - Custodial Rape,2014,0,0,0,0,0,0,0,0,0,0,0,0,0,0,0
Haryana,5.1.1 - Gang Rape,2014,0,0,0,0,0,0,0,0,0,0,0,0,0,0,0
Haryana,5.1.2 - Other Rape,2014,0,0,0,0,0,0,0,0,0,0,0,0,0,0,0
Haryana,5.2 - Rape other than Custodial,2014,950,17,967,324,19,343,69,3,72,2,1,3,1345,40,1385
Haryana,5.2.1 - Gang Rape,2014,335,5,340,89,2,91,12,0,12,1,0,1,437,7,444
Haryana,5.2.2 - Other Rape,2014,615,12,627,235,17,252,57,3,60,1,1,2,908,33,941
Haryana,6 - Attempt to commit Rape (Section 376/511 IPC),2014,100,4,104,25,1,26,3,0,3,0,0,0,128,5,133
Haryana,"7 - Kidnapping & Abduction_Total (Section 3,364,364A, 366-369 IPC)",2014,956,12,968,360,13,373,52,1,53,0,0,0,1368,26,1394
Haryana,7.1 - Kidnapping & Abduction (Section 363 IPC),2014,49,0,49,11,0,11,0,0,0,0,0,0,60,0,60
Haryana,7.2 - Kidnaping & Abduction in order to Murder (Section 364 IPC),2014,26,0,26,10,2,12,0,1,1,0,0,0,36,3,39
Haryana,7.3 - Kidnapping for Ransom (Section 364A IPC),2014,7,1,8,4,0,4,0,0,0,0,0,0,11,1,12
Haryana,7.4 - Kidnapping & Abduction of Women to compel her for marriage (Section 366 IPC),2014,373,3,376,125,2,127,8,0,8,0,0,0,506,5,511
Haryana,7.5 - Other Kidnapping,2014,501,8,509,210,9,219,44,0,44,0,0,0,755,17,772
Haryana,"8 - Dacoity (Section 395,396-398 IPC)",2014,351,0,351,139,0,139,8,0,8,0,0,0,498,0,498
Haryana,8.1 - Dacoity with Murder (Section 396 IPC),2014,5,0,5,1,0,1,0,0,0,0,0,0,6,0,6
Haryana,8.2 - Other Dacoity,2014,346,0,346,138,0,138,8,0,8,0,0,0,492,0,492
Haryana,9 - Making Preparation and Assembly for committing Dacoity (Section 399 & 402 IPC),2014,288,0,288,89,0,89,9,0,9,0,0,0,386,0,386
Haryana,"10 - Robbery (Section 392 to 394, 397 and 398 IPC)",2014,916,0,916,379,0,379,65,0,65,0,0,0,1360,0,1360
Haryana,11 - Criminal Trespass/Burglary_Total (Section 453 to 460 IPC),2014,1992,25,2017,937,24,961,210,4,214,0,1,1,3139,54,3193
Haryana,"11.1 - Criminal Trespass/Burglary (Section 455, 457 & 458 IPC)",2014,1690,15,1705,808,17,825,185,0,185,0,1,1,2683,33,2716
Haryana,"11.2 - House Trespass & House Breaking (Section 453,454,456,459 & 460 IPC)",2014,302,10,312,129,7,136,25,4,29,0,0,0,456,21,477
Haryana,12 - Theft (Section 379 to 382 IPC),2014,4062,39,4101,2052,35,2087,445,2,447,5,0,5,6564,76,6640
Haryana,12.1 - Auto Theft,2014,2281,0,2281,1095,0,1095,175,0,175,1,0,1,3552,0,3552
Haryana,12.2 - Other Thefts,2014,1781,39,1820,957,35,992,270,2,272,4,0,4,3012,76,3088
Haryana,"13 - Unlawful Assembly (Section 143,144 & 145)",2014,0,0,0,0,0,0,0,0,0,0,0,0,0,0,0
Haryana,"14 - Riots (Section 147, 148, 149, 150 & 151 IPC)",2014,3316,94,3410,2300,124,2424,752,41,793,69,2,71,6437,261,6698
Haryana,14.1 - Communal,2014,478,0,478,211,0,211,36,0,36,14,0,14,739,0,739
Haryana,14.2 - Industrial,2014,0,0,0,0,0,0,0,0,0,0,0,0,0,0,0
Haryana,14.3 - Political,2014,0,0,0,0,0,0,0,0,0,0,0,0,0,0,0
Haryana,14.4 - Caste Conflict,2014,69,3,72,99,16,115,7,4,11,4,0,4,179,23,202
Haryana,14.4.1 - SC/STs Vs. Non-SCs/STs,2014,0,0,0,0,0,0,0,0,0,0,0,0,0,0,0
Haryana,14.4.2 - Other Caste Riots,2014,69,3,72,99,16,115,7,4,11,4,0,4,179,23,202
Haryana,14.5 - Agrarian,2014,0,0,0,0,0,0,0,0,0,0,0,0,0,0,0
Haryana,14.6 - Students,2014,0,0,0,0,0,0,0,0,0,0,0,0,0,0,0
Haryana,14.7 - Sectarian,2014,0,0,0,0,0,0,0,0,0,0,0,0,0,0,0
Haryana,14.8 - Other Riots,2014,2769,91,2860,1990,108,2098,709,37,746,51,2,53,5519,238,5757
Haryana,15 - Criminal Breach of Trust (Section 406 to 409 IPC),2014,238,0,238,225,8,233,70,4,74,9,1,10,542,13,555
Haryana,16 - Cheating (Section 420 IPC),2014,534,10,544,519,26,545,250,11,261,35,2,37,1338,49,1387
Haryana,"17 - Forgery (Section 465, 468 & 471 IPC)",2014,122,2,124,289,7,296,148,6,154,9,0,9,568,15,583
Haryana,"18 - Counterfeiting (Section 231-235,237-240, 242-243, 255 and 489-A to 489-E IPC)",2014,25,1,26,12,0,12,5,0,5,0,0,0,42,1,43
Haryana,"18.1 - Offences related to Counterfeit Coin (Section 231-235,237, 238-240 & 242-243 IPC)",2014,0,0,0,0,0,0,0,0,0,0,0,0,0,0,0
Haryana,18.2 - Counterfeiting Government Stamp (Section 255 IPC),2014,0,0,0,0,0,0,0,0,0,0,0,0,0,0,0
Haryana,18.3 - Counterfeit currency & Bank notes (Section 489-A to 489-E IPC),2014,25,1,26,12,0,12,5,0,5,0,0,0,42,1,43
Haryana,18.3.1 - Counterfeiting currency notes or Bank notes (Section 489A IPC),2014,7,1,8,8,0,8,3,0,3,0,0,0,18,1,19
Haryana,18.3.2 - Using forged or counterfeit currency/Bank notes (Section 489B IPC),2014,11,0,11,4,0,4,2,0,2,0,0,0,17,0,17
Haryana,18.3.3 - Possession of forged or counterfeiting currency / Bank notes (Section 489C IPC),2014,7,0,7,0,0,0,0,0,0,0,0,0,7,0,7
Haryana,18.3.4 - Make/Possess materials for forging or counterfeiting currency/Bank notes (Section 489D IPC),2014,0,0,0,0,0,0,0,0,0,0,0,0,0,0,0
Haryana,18.3.5 - Make/Use documents resembling currency notes/Bank notes (Section 489 E IPC),2014,0,0,0,0,0,0,0,0,0,0,0,0,0,0,0
Haryana,19 - Arson (Section 435-436 & 438 IPC),2014,77,0,77,81,4,85,16,2,18,2,1,3,176,7,183
Haryana,"20 - Grievous Hurt (Section 325,326,326A & 326 B IPC)",2014,1382,73,1455,1070,102,1172,530,35,565,28,8,36,3010,218,3228
Haryana,20.1 - Grievous Hurt (Section 325 & 326 IPC),2014,1371,72,1443,1066,102,1168,530,35,565,28,8,36,2995,217,3212
Haryana,20.2 - Acid attack (Section 326A IPC),2014,9,1,10,2,0,2,0,0,0,0,0,0,11,1,12
Haryana,20.3 - Attempt to Acid Attack (Section 326B IPC),2014,2,0,2,2,0,2,0,0,0,0,0,0,4,0,4
Haryana,21 - Dowry Deaths (Section 304-B IPC),2014,264,25,289,96,44,140,72,43,115,11,13,24,443,125,568
Haryana,22 - Assault on women with intent to outrage her Modesty (Section 354 IPC),2014,1338,5,1343,565,7,572,82,5,87,6,1,7,1991,18,2009
Haryana,22.1 - Sexual Harassment (Section 354A IPC),2014,469,1,470,181,0,181,21,1,22,6,1,7,677,3,680
Haryana,22.2 - Assault on women with intent to Disrobe (Section 354B IPC),2014,181,1,182,59,0,59,4,0,4,0,0,0,244,1,245
Haryana,22.3 - Voyeurism (Section 354C IPC),2014,23,0,23,3,0,3,0,0,0,0,0,0,26,0,26
Haryana,22.4 - Stalking (Section 354D IPC),2014,206,0,206,80,0,80,2,0,2,0,0,0,288,0,288
Haryana,22.5 - Others,2014,459,3,462,242,7,249,55,4,59,0,0,0,756,14,770
Haryana,23 - Insult to the Modesty of Women (Section 509 IPC),2014,70,0,70,20,1,21,3,0,3,0,0,0,93,1,94
Haryana,23.1 - At Office premises,2014,0,0,0,0,0,0,0,0,0,0,0,0,0,0,0
Haryana,23.2 - Places related to work other than Office,2014,1,0,1,0,0,0,0,0,0,0,0,0,1,0,1
Haryana,23.3 - In Public Transport system,2014,1,0,1,0,0,0,0,0,0,0,0,0,1,0,1
Haryana,23.4 - in Other Places,2014,68,0,68,20,1,21,3,0,3,0,0,0,91,1,92
Haryana,24 - Cruelty by Husband or his Relatives (Section 498-A IPC),2014,1653,144,1797,1109,232,1341,528,358,886,111,69,180,3401,803,4204
Haryana,25 - Importation of Girls from Foreign Country (Section 366-B IPC),2014,0,0,0,0,0,0,0,0,0,0,0,0,0,0,0
Haryana,26 - Causing Death by Negligence (Section 304-A IPC),2014,1563,1,1564,1369,2,1371,488,0,488,27,0,27,3447,3,3450
Haryana,26.1 - Deaths due to negligent driving/act,2014,1498,1,1499,1306,0,1306,475,0,475,25,0,25,3304,1,3305
Haryana,26.2 - Deaths due to Other Causes,2014,65,0,65,63,2,65,13,0,13,2,0,2,143,2,145
Haryana,"27 - Offences against State (Section 121, 121A, 122, 123, 124-A IPC)",2014,0,0,0,0,0,0,0,0,0,0,0,0,0,0,0
Haryana,27.1 - Sedition (Section 124A IPC),2014,0,0,0,0,0,0,0,0,0,0,0,0,0,0,0
Haryana,27.2 - Other offences against State,2014,0,0,0,0,0,0,0,0,0,0,0,0,0,0,0
Haryana,28 - Offences promoting enmity between different groups (Section 153A & 153B IPC),2014,0,0,0,0,0,0,0,0,0,0,0,0,0,0,0
Haryana,28.1 - Promoting enmity on ground of religion race and place of Birth (Section 153A IPC),2014,0,0,0,0,0,0,0,0,0,0,0,0,0,0,0
Haryana,28.2 - Imputation & assertions prejudicial to national integration (Section 153B IPC),2014,0,0,0,0,0,0,0,0,0,0,0,0,0,0,0
Haryana,29 - Extortion (Section 384 - 389 IPC),2014,128,8,136,98,18,116,15,0,15,0,0,0,241,26,267
Haryana,30 - Disclosure of Identity of Victims (Section 228 A IPC),2014,0,0,0,0,0,0,0,0,0,0,0,0,0,0,0
Haryana,31 - Incidence of Rash Driving (Section 279 IPC Read with 337 & 338),2014,2511,2,2513,1939,5,1944,602,1,603,46,0,46,5098,8,5106
Haryana,32 - Human Trafficking (Section 370 & 370A IPC),2014,7,3,10,3,2,5,3,0,3,1,0,1,14,5,19
Haryana,33 - Unnatural Offences U/s 377 IPC,2014,78,0,78,30,0,30,6,0,6,0,0,0,114,0,114
Haryana,34 - Other IPC crimes,2014,14681,304,14985,9861,421,10282,3338,202,3540,397,34,431,28277,961,29238
Haryana,35 - Total Cognizable IPC crimes,2014,39282,821,40103,25052,1160,26212,8283,739,9022,775,133,908,73392,2853,76245
Himachal Pradesh,1 - Murder (Section 302 IPC),2014,82,6,88,57,10,67,35,6,41,3,0,3,177,22,199
Himachal Pradesh,2 - Attempt to commit Murder (Section 307 IPC),2014,40,3,43,46,4,50,22,1,23,6,2,8,114,10,124
Himachal Pradesh,3 - Culpable Homicide not amounting to Murder (Section 304 IPC),2014,5,0,5,4,1,5,3,0,3,0,0,0,12,1,13
Himachal Pradesh,4 - Attempt to commit Culpable Homicide (Section 308 IPC),2014,0,0,0,0,0,0,0,0,0,0,0,0,0,0,0
Himachal Pradesh,5 - Rape (Section 376 IPC),2014,184,5,189,89,6,95,28,1,29,4,0,4,305,12,317
Himachal Pradesh,5.1 - Custodial Rape,2014,0,0,0,0,0,0,0,0,0,0,0,0,0,0,0
Himachal Pradesh,5.1.1 - Gang Rape,2014,0,0,0,0,0,0,0,0,0,0,0,0,0,0,0
Himachal Pradesh,5.1.2 - Other Rape,2014,0,0,0,0,0,0,0,0,0,0,0,0,0,0,0
Himachal Pradesh,5.2 - Rape other than Custodial,2014,184,5,189,89,6,95,28,1,29,4,0,4,305,12,317
Himachal Pradesh,5.2.1 - Gang Rape,2014,16,0,16,3,0,3,0,0,0,0,0,0,19,0,19
Himachal Pradesh,5.2.2 - Other Rape,2014,168,5,173,86,6,92,28,1,29,4,0,4,286,12,298
Himachal Pradesh,6 - Attempt to commit Rape (Section 376/511 IPC),2014,3,0,3,1,0,1,0,0,0,0,0,0,4,0,4
Himachal Pradesh,"7 - Kidnapping & Abduction_Total (Section 3,364,364A, 366-369 IPC)",2014,75,2,77,26,1,27,4,2,6,0,0,0,105,5,110
Himachal Pradesh,7.1 - Kidnapping & Abduction (Section 363 IPC),2014,10,0,10,4,0,4,1,0,1,0,0,0,15,0,15
Himachal Pradesh,7.2 - Kidnaping & Abduction in order to Murder (Section 364 IPC),2014,0,0,0,0,0,0,0,0,0,0,0,0,0,0,0
Himachal Pradesh,7.3 - Kidnapping for Ransom (Section 364A IPC),2014,0,0,0,0,0,0,2,0,2,0,0,0,2,0,2
Himachal Pradesh,7.4 - Kidnapping & Abduction of Women to compel her for marriage (Section 366 IPC),2014,44,0,44,18,1,19,0,1,1,0,0,0,62,2,64
Himachal Pradesh,7.5 - Other Kidnapping,2014,21,2,23,4,0,4,1,1,2,0,0,0,26,3,29
Himachal Pradesh,"8 - Dacoity (Section 395,396-398 IPC)",2014,7,1,8,4,0,4,0,0,0,0,0,0,11,1,12
Himachal Pradesh,8.1 - Dacoity with Murder (Section 396 IPC),2014,0,0,0,0,0,0,0,0,0,0,0,0,0,0,0
Himachal Pradesh,8.2 - Other Dacoity,2014,7,1,8,4,0,4,0,0,0,0,0,0,11,1,12
Himachal Pradesh,9 - Making Preparation and Assembly for committing Dacoity (Section 399 & 402 IPC),2014,0,0,0,0,0,0,0,0,0,0,0,0,0,0,0
Himachal Pradesh,"10 - Robbery (Section 392 to 394, 397 and 398 IPC)",2014,15,0,15,10,0,10,0,0,0,0,0,0,25,0,25
Himachal Pradesh,11 - Criminal Trespass/Burglary_Total (Section 453 to 460 IPC),2014,307,14,321,205,29,234,70,16,86,9,2,11,591,61,652
Himachal Pradesh,"11.1 - Criminal Trespass/Burglary (Section 455, 457 & 458 IPC)",2014,103,2,105,88,2,90,35,2,37,0,0,0,226,6,232
Himachal Pradesh,"11.2 - House Trespass & House Breaking (Section 453,454,456,459 & 460 IPC)",2014,204,12,216,117,27,144,35,14,49,9,2,11,365,55,420
Himachal Pradesh,12 - Theft (Section 379 to 382 IPC),2014,312,3,315,179,8,187,72,9,81,2,1,3,565,21,586
Himachal Pradesh,12.1 - Auto Theft,2014,64,0,64,44,0,44,9,0,9,0,0,0,117,0,117
Himachal Pradesh,12.2 - Other Thefts,2014,248,3,251,135,8,143,63,9,72,2,1,3,448,21,469
Himachal Pradesh,"13 - Unlawful Assembly (Section 143,144 & 145)",2014,51,0,51,21,2,23,7,0,7,3,0,3,82,2,84
Himachal Pradesh,"14 - Riots (Section 147, 148, 149, 150 & 151 IPC)",2014,810,115,925,711,199,910,413,130,543,88,21,109,2022,465,2487
Himachal Pradesh,14.1 - Communal,2014,0,0,0,0,0,0,0,0,0,0,0,0,0,0,0
Himachal Pradesh,14.2 - Industrial,2014,0,0,0,0,0,0,0,0,0,0,0,0,0,0,0
Himachal Pradesh,14.3 - Political,2014,7,0,7,15,0,15,5,0,5,2,0,2,29,0,29
Himachal Pradesh,14.4 - Caste Conflict,2014,0,0,0,0,0,0,0,0,0,0,0,0,0,0,0
Himachal Pradesh,14.4.1 - SC/STs Vs. Non-SCs/STs,2014,0,0,0,0,0,0,0,0,0,0,0,0,0,0,0
Himachal Pradesh,14.4.2 - Other Caste Riots,2014,0,0,0,0,0,0,0,0,0,0,0,0,0,0,0
Himachal Pradesh,14.5 - Agrarian,2014,0,0,0,0,0,0,0,0,0,0,0,0,0,0,0
Himachal Pradesh,14.6 - Students,2014,50,18,68,34,6,40,22,0,22,4,0,4,110,24,134
Himachal Pradesh,14.7 - Sectarian,2014,0,0,0,0,0,0,0,0,0,0,0,0,0,0,0
Himachal Pradesh,14.8 - Other Riots,2014,753,97,850,662,193,855,386,130,516,82,21,103,1883,441,2324
Himachal Pradesh,15 - Criminal Breach of Trust (Section 406 to 409 IPC),2014,28,0,28,43,0,43,22,2,24,1,0,1,94,2,96
Himachal Pradesh,16 - Cheating (Section 420 IPC),2014,88,5,93,185,6,191,109,7,116,10,2,12,392,20,412
Himachal Pradesh,"17 - Forgery (Section 465, 468 & 471 IPC)",2014,9,1,10,23,2,25,6,0,6,2,0,2,40,3,43
Himachal Pradesh,"18 - Counterfeiting (Section 231-235,237-240, 242-243, 255 and 489-A to 489-E IPC)",2014,3,0,3,0,0,0,0,0,0,0,0,0,3,0,3
Himachal Pradesh,"18.1 - Offences related to Counterfeit Coin (Section 231-235,237, 238-240 & 242-243 IPC)",2014,0,0,0,0,0,0,0,0,0,0,0,0,0,0,0
Himachal Pradesh,18.2 - Counterfeiting Government Stamp (Section 255 IPC),2014,0,0,0,0,0,0,0,0,0,0,0,0,0,0,0
Himachal Pradesh,18.3 - Counterfeit currency & Bank notes (Section 489-A to 489-E IPC),2014,3,0,3,0,0,0,0,0,0,0,0,0,3,0,3
Himachal Pradesh,18.3.1 - Counterfeiting currency notes or Bank notes (Section 489A IPC),2014,0,0,0,0,0,0,0,0,0,0,0,0,0,0,0
Himachal Pradesh,18.3.2 - Using forged or counterfeit currency/Bank notes (Section 489B IPC),2014,0,0,0,0,0,0,0,0,0,0,0,0,0,0,0
Himachal Pradesh,18.3.3 - Possession of forged or counterfeiting currency / Bank notes (Section 489C IPC),2014,3,0,3,0,0,0,0,0,0,0,0,0,3,0,3
Himachal Pradesh,18.3.4 - Make/Possess materials for forging or counterfeiting currency/Bank notes (Section 489D IPC),2014,0,0,0,0,0,0,0,0,0,0,0,0,0,0,0
Himachal Pradesh,18.3.5 - Make/Use documents resembling currency notes/Bank notes (Section 489 E IPC),2014,0,0,0,0,0,0,0,0,0,0,0,0,0,0,0
Himachal Pradesh,19 - Arson (Section 435-436 & 438 IPC),2014,25,1,26,30,2,32,21,2,23,3,2,5,79,7,86
Himachal Pradesh,"20 - Grievous Hurt (Section 325,326,326A & 326 B IPC)",2014,326,40,366,305,79,384,170,31,201,22,8,30,823,158,981
Himachal Pradesh,20.1 - Grievous Hurt (Section 325 & 326 IPC),2014,326,40,366,304,79,383,170,31,201,22,8,30,822,158,980
Himachal Pradesh,20.2 - Acid attack (Section 326A IPC),2014,0,0,0,1,0,1,0,0,0,0,0,0,1,0,1
Himachal Pradesh,20.3 - Attempt to Acid Attack (Section 326B IPC),2014,0,0,0,0,0,0,0,0,0,0,0,0,0,0,0
Himachal Pradesh,21 - Dowry Deaths (Section 304-B IPC),2014,2,1,3,0,0,0,1,1,2,0,0,0,3,2,5
Himachal Pradesh,22 - Assault on women with intent to outrage her Modesty (Section 354 IPC),2014,263,9,272,249,15,264,94,10,104,25,3,28,631,37,668
Himachal Pradesh,22.1 - Sexual Harassment (Section 354A IPC),2014,77,2,79,76,1,77,21,1,22,6,0,6,180,4,184
Himachal Pradesh,22.2 - Assault on women with intent to Disrobe (Section 354B IPC),2014,9,0,9,10,1,11,3,1,4,2,0,2,24,2,26
Himachal Pradesh,22.3 - Voyeurism (Section 354C IPC),2014,1,0,1,1,0,1,1,0,1,0,0,0,3,0,3
Himachal Pradesh,22.4 - Stalking (Section 354D IPC),2014,43,0,43,17,0,17,7,1,8,1,0,1,68,1,69
Himachal Pradesh,22.5 - Others,2014,133,7,140,145,13,158,62,7,69,16,3,19,356,30,386
Himachal Pradesh,23 - Insult to the Modesty of Women (Section 509 IPC),2014,15,1,16,26,2,28,11,1,12,2,1,3,54,5,59
Himachal Pradesh,23.1 - At Office premises,2014,0,0,0,0,0,0,0,0,0,0,0,0,0,0,0
Himachal Pradesh,23.2 - Places related to work other than Office,2014,0,0,0,0,0,0,0,0,0,0,0,0,0,0,0
Himachal Pradesh,23.3 - In Public Transport system,2014,0,0,0,0,0,0,0,0,0,0,0,0,0,0,0
Himachal Pradesh,23.4 - in Other Places,2014,15,1,16,26,2,28,11,1,12,2,1,3,54,5,59
Himachal Pradesh,24 - Cruelty by Husband or his Relatives (Section 498-A IPC),2014,151,39,190,185,68,253,92,93,185,28,23,51,456,223,679
Himachal Pradesh,25 - Importation of Girls from Foreign Country (Section 366-B IPC),2014,0,0,0,0,0,0,0,0,0,0,0,0,0,0,0
Himachal Pradesh,26 - Causing Death by Negligence (Section 304-A IPC),2014,162,1,163,216,2,218,97,1,98,4,0,4,479,4,483
Himachal Pradesh,26.1 - Deaths due to negligent driving/act,2014,154,1,155,200,1,201,76,0,76,3,0,3,433,2,435
Himachal Pradesh,26.2 - Deaths due to Other Causes,2014,8,0,8,16,1,17,21,1,22,1,0,1,46,2,48
Himachal Pradesh,"27 - Offences against State (Section 121, 121A, 122, 123, 124-A IPC)",2014,0,0,0,1,0,1,1,0,1,0,0,0,2,0,2
Himachal Pradesh,27.1 - Sedition (Section 124A IPC),2014,0,0,0,1,0,1,1,0,1,0,0,0,2,0,2
Himachal Pradesh,27.2 - Other offences against State,2014,0,0,0,0,0,0,0,0,0,0,0,0,0,0,0
Himachal Pradesh,28 - Offences promoting enmity between different groups (Section 153A & 153B IPC),2014,0,0,0,0,0,0,0,0,0,0,0,0,0,0,0
Himachal Pradesh,28.1 - Promoting enmity on ground of religion race and place of Birth (Section 153A IPC),2014,0,0,0,0,0,0,0,0,0,0,0,0,0,0,0
Himachal Pradesh,28.2 - Imputation & assertions prejudicial to national integration (Section 153B IPC),2014,0,0,0,0,0,0,0,0,0,0,0,0,0,0,0
Himachal Pradesh,29 - Extortion (Section 384 - 389 IPC),2014,1,0,1,4,1,5,0,0,0,0,0,0,5,1,6
Himachal Pradesh,30 - Disclosure of Identity of Victims (Section 228 A IPC),2014,0,0,0,0,0,0,0,0,0,0,0,0,0,0,0
Himachal Pradesh,31 - Incidence of Rash Driving (Section 279 IPC Read with 337 & 338),2014,903,3,906,879,5,884,225,1,226,17,0,17,2024,9,2033
Himachal Pradesh,32 - Human Trafficking (Section 370 & 370A IPC),2014,0,0,0,1,0,1,0,0,0,0,0,0,1,0,1
Himachal Pradesh,33 - Unnatural Offences U/s 377 IPC,2014,4,0,4,8,0,8,1,0,1,0,0,0,13,0,13
Himachal Pradesh,34 - Other IPC crimes,2014,2904,258,3162,2977,549,3526,1569,328,1897,201,58,259,7651,1193,8844
Himachal Pradesh,35 - Total Cognizable IPC crimes,2014,6775,508,7283,6485,991,7476,3073,642,3715,430,123,553,16763,2264,19027
Jammu & Kashmir,1 - Murder (Section 302 IPC),2014,64,6,70,154,12,166,35,3,38,1,0,1,254,21,275
Jammu & Kashmir,2 - Attempt to commit Murder (Section 307 IPC),2014,326,6,332,537,17,554,123,8,131,89,0,89,1075,31,1106
Jammu & Kashmir,3 - Culpable Homicide not amounting to Murder (Section 304 IPC),2014,4,0,4,15,0,15,4,0,4,0,0,0,23,0,23
Jammu & Kashmir,4 - Attempt to commit Culpable Homicide (Section 308 IPC),2014,0,0,0,0,0,0,0,0,0,0,0,0,0,0,0
Jammu & Kashmir,5 - Rape (Section 376 IPC),2014,158,2,160,151,5,156,26,0,26,0,0,0,335,7,342
Jammu & Kashmir,5.1 - Custodial Rape,2014,0,0,0,0,0,0,0,0,0,0,0,0,0,0,0
Jammu & Kashmir,5.1.1 - Gang Rape,2014,0,0,0,0,0,0,0,0,0,0,0,0,0,0,0
Jammu & Kashmir,5.1.2 - Other Rape,2014,0,0,0,0,0,0,0,0,0,0,0,0,0,0,0
Jammu & Kashmir,5.2 - Rape other than Custodial,2014,158,2,160,151,5,156,26,0,26,0,0,0,335,7,342
Jammu & Kashmir,5.2.1 - Gang Rape,2014,0,0,0,0,0,0,0,0,0,0,0,0,0,0,0
Jammu & Kashmir,5.2.2 - Other Rape,2014,158,2,160,151,5,156,26,0,26,0,0,0,335,7,342
Jammu & Kashmir,6 - Attempt to commit Rape (Section 376/511 IPC),2014,6,0,6,11,0,11,0,0,0,0,0,0,17,0,17
Jammu & Kashmir,"7 - Kidnapping & Abduction_Total (Section 3,364,364A, 366-369 IPC)",2014,240,9,249,469,11,480,39,1,40,0,0,0,748,21,769
Jammu & Kashmir,7.1 - Kidnapping & Abduction (Section 363 IPC),2014,69,1,70,169,5,174,6,0,6,0,0,0,244,6,250
Jammu & Kashmir,7.2 - Kidnaping & Abduction in order to Murder (Section 364 IPC),2014,5,0,5,7,0,7,0,0,0,0,0,0,12,0,12
Jammu & Kashmir,7.3 - Kidnapping for Ransom (Section 364A IPC),2014,0,0,0,0,0,0,0,0,0,0,0,0,0,0,0
Jammu & Kashmir,7.4 - Kidnapping & Abduction of Women to compel her for marriage (Section 366 IPC),2014,75,0,75,113,1,114,11,0,11,0,0,0,199,1,200
Jammu & Kashmir,7.5 - Other Kidnapping,2014,91,8,99,180,5,185,22,1,23,0,0,0,293,14,307
Jammu & Kashmir,"8 - Dacoity (Section 395,396-398 IPC)",2014,9,3,12,8,2,10,4,0,4,0,0,0,21,5,26
Jammu & Kashmir,8.1 - Dacoity with Murder (Section 396 IPC),2014,0,0,0,0,0,0,0,0,0,0,0,0,0,0,0
Jammu & Kashmir,8.2 - Other Dacoity,2014,9,3,12,8,2,10,4,0,4,0,0,0,21,5,26
Jammu & Kashmir,9 - Making Preparation and Assembly for committing Dacoity (Section 399 & 402 IPC),2014,0,0,0,0,0,0,0,0,0,0,0,0,0,0,0
Jammu & Kashmir,"10 - Robbery (Section 392 to 394, 397 and 398 IPC)",2014,18,0,18,71,0,71,11,0,11,0,0,0,100,0,100
Jammu & Kashmir,11 - Criminal Trespass/Burglary_Total (Section 453 to 460 IPC),2014,281,0,281,500,1,501,66,0,66,0,0,0,847,1,848
Jammu & Kashmir,"11.1 - Criminal Trespass/Burglary (Section 455, 457 & 458 IPC)",2014,114,0,114,177,0,177,26,0,26,0,0,0,317,0,317
Jammu & Kashmir,"11.2 - House Trespass & House Breaking (Section 453,454,456,459 & 460 IPC)",2014,167,0,167,323,1,324,40,0,40,0,0,0,530,1,531
Jammu & Kashmir,12 - Theft (Section 379 to 382 IPC),2014,516,4,520,1005,6,1011,306,0,306,27,0,27,1854,10,1864
Jammu & Kashmir,12.1 - Auto Theft,2014,71,0,71,169,0,169,14,0,14,0,0,0,254,0,254
Jammu & Kashmir,12.2 - Other Thefts,2014,445,4,449,836,6,842,292,0,292,27,0,27,1600,10,1610
Jammu & Kashmir,"13 - Unlawful Assembly (Section 143,144 & 145)",2014,0,0,0,0,0,0,0,0,0,0,0,0,0,0,0
Jammu & Kashmir,"14 - Riots (Section 147, 148, 149, 150 & 151 IPC)",2014,1217,87,1304,3044,338,3382,710,57,767,19,1,20,4990,483,5473
Jammu & Kashmir,14.1 - Communal,2014,0,0,0,0,0,0,0,0,0,0,0,0,0,0,0
Jammu & Kashmir,14.2 - Industrial,2014,0,0,0,0,0,0,0,0,0,0,0,0,0,0,0
Jammu & Kashmir,14.3 - Political,2014,2,0,2,151,0,151,0,0,0,0,0,0,153,0,153
Jammu & Kashmir,14.4 - Caste Conflict,2014,0,0,0,0,0,0,0,0,0,0,0,0,0,0,0
Jammu & Kashmir,14.4.1 - SC/STs Vs. Non-SCs/STs,2014,0,0,0,0,0,0,0,0,0,0,0,0,0,0,0
Jammu & Kashmir,14.4.2 - Other Caste Riots,2014,0,0,0,0,0,0,0,0,0,0,0,0,0,0,0
Jammu & Kashmir,14.5 - Agrarian,2014,0,0,0,0,0,0,0,0,0,0,0,0,0,0,0
Jammu & Kashmir,14.6 - Students,2014,0,0,0,0,0,0,0,0,0,0,0,0,0,0,0
Jammu & Kashmir,14.7 - Sectarian,2014,0,0,0,0,0,0,0,0,0,0,0,0,0,0,0
Jammu & Kashmir,14.8 - Other Riots,2014,1215,87,1302,2893,338,3231,710,57,767,19,1,20,4837,483,5320
Jammu & Kashmir,15 - Criminal Breach of Trust (Section 406 to 409 IPC),2014,32,1,33,105,0,105,11,0,11,0,0,0,148,1,149
Jammu & Kashmir,16 - Cheating (Section 420 IPC),2014,173,4,177,231,6,237,132,6,138,10,0,10,546,16,562
Jammu & Kashmir,"17 - Forgery (Section 465, 468 & 471 IPC)",2014,5,0,5,8,1,9,2,0,2,0,0,0,15,1,16
Jammu & Kashmir,"18 - Counterfeiting (Section 231-235,237-240, 242-243, 255 and 489-A to 489-E IPC)",2014,6,0,6,14,1,15,5,0,5,0,0,0,25,1,26
Jammu & Kashmir,"18.1 - Offences related to Counterfeit Coin (Section 231-235,237, 238-240 & 242-243 IPC)",2014,0,0,0,0,0,0,0,0,0,0,0,0,0,0,0
Jammu & Kashmir,18.2 - Counterfeiting Government Stamp (Section 255 IPC),2014,0,0,0,0,0,0,0,0,0,0,0,0,0,0,0
Jammu & Kashmir,18.3 - Counterfeit currency & Bank notes (Section 489-A to 489-E IPC),2014,6,0,6,14,1,15,5,0,5,0,0,0,25,1,26
Jammu & Kashmir,18.3.1 - Counterfeiting currency notes or Bank notes (Section 489A IPC),2014,3,0,3,7,0,7,0,0,0,0,0,0,10,0,10
Jammu & Kashmir,18.3.2 - Using forged or counterfeit currency/Bank notes (Section 489B IPC),2014,3,0,3,6,1,7,5,0,5,0,0,0,14,1,15
Jammu & Kashmir,18.3.3 - Possession of forged or counterfeiting currency / Bank notes (Section 489C IPC),2014,0,0,0,1,0,1,0,0,0,0,0,0,1,0,1
Jammu & Kashmir,18.3.4 - Make/Possess materials for forging or counterfeiting currency/Bank notes (Section 489D IPC),2014,0,0,0,0,0,0,0,0,0,0,0,0,0,0,0
Jammu & Kashmir,18.3.5 - Make/Use documents resembling currency notes/Bank notes (Section 489 E IPC),2014,0,0,0,0,0,0,0,0,0,0,0,0,0,0,0
Jammu & Kashmir,19 - Arson (Section 435-436 & 438 IPC),2014,38,2,40,119,3,122,11,0,11,0,0,0,168,5,173
Jammu & Kashmir,"20 - Grievous Hurt (Section 325,326,326A & 326 B IPC)",2014,258,18,276,265,19,284,124,9,133,8,3,11,655,49,704
Jammu & Kashmir,20.1 - Grievous Hurt (Section 325 & 326 IPC),2014,258,18,276,265,19,284,124,9,133,8,3,11,655,49,704
Jammu & Kashmir,20.2 - Acid attack (Section 326A IPC),2014,0,0,0,0,0,0,0,0,0,0,0,0,0,0,0
Jammu & Kashmir,20.3 - Attempt to Acid Attack (Section 326B IPC),2014,0,0,0,0,0,0,0,0,0,0,0,0,0,0,0
Jammu & Kashmir,21 - Dowry Deaths (Section 304-B IPC),2014,10,0,10,4,0,4,0,0,0,0,0,0,14,0,14
Jammu & Kashmir,22 - Assault on women with intent to outrage her Modesty (Section 354 IPC),2014,710,14,724,1277,48,1325,501,21,522,3,1,4,2491,84,2575
Jammu & Kashmir,22.1 - Sexual Harassment (Section 354A IPC),2014,68,3,71,261,5,266,14,4,18,3,1,4,346,13,359
Jammu & Kashmir,22.2 - Assault on women with intent to Disrobe (Section 354B IPC),2014,0,0,0,254,0,254,0,0,0,0,0,0,254,0,254
Jammu & Kashmir,22.3 - Voyeurism (Section 354C IPC),2014,0,0,0,0,0,0,0,0,0,0,0,0,0,0,0
Jammu & Kashmir,22.4 - Stalking (Section 354D IPC),2014,1,0,1,0,0,0,0,0,0,0,0,0,1,0,1
Jammu & Kashmir,22.5 - Others,2014,641,11,652,762,43,805,487,17,504,0,0,0,1890,71,1961
Jammu & Kashmir,23 - Insult to the Modesty of Women (Section 509 IPC),2014,150,4,154,112,3,115,14,0,14,0,0,0,276,7,283
Jammu & Kashmir,23.1 - At Office premises,2014,0,0,0,0,0,0,0,0,0,0,0,0,0,0,0
Jammu & Kashmir,23.2 - Places related to work other than Office,2014,4,0,4,2,0,2,1,0,1,0,0,0,7,0,7
Jammu & Kashmir,23.3 - In Public Transport system,2014,0,0,0,6,1,7,1,0,1,0,0,0,7,1,8
Jammu & Kashmir,23.4 - in Other Places,2014,146,4,150,104,2,106,12,0,12,0,0,0,262,6,268
Jammu & Kashmir,24 - Cruelty by Husband or his Relatives (Section 498-A IPC),2014,356,34,390,436,41,477,80,30,110,7,1,8,879,106,985
Jammu & Kashmir,25 - Importation of Girls from Foreign Country (Section 366-B IPC),2014,0,0,0,0,0,0,0,0,0,0,0,0,0,0,0
Jammu & Kashmir,26 - Causing Death by Negligence (Section 304-A IPC),2014,291,0,291,320,0,320,93,0,93,0,0,0,704,0,704
Jammu & Kashmir,26.1 - Deaths due to negligent driving/act,2014,286,0,286,316,0,316,92,0,92,0,0,0,694,0,694
Jammu & Kashmir,26.2 - Deaths due to Other Causes,2014,5,0,5,4,0,4,1,0,1,0,0,0,10,0,10
Jammu & Kashmir,"27 - Offences against State (Section 121, 121A, 122, 123, 124-A IPC)",2014,0,0,0,0,0,0,0,0,0,0,0,0,0,0,0
Jammu & Kashmir,27.1 - Sedition (Section 124A IPC),2014,0,0,0,0,0,0,0,0,0,0,0,0,0,0,0
Jammu & Kashmir,27.2 - Other offences against State,2014,0,0,0,0,0,0,0,0,0,0,0,0,0,0,0
Jammu & Kashmir,28 - Offences promoting enmity between different groups (Section 153A & 153B IPC),2014,0,0,0,0,0,0,0,0,0,0,0,0,0,0,0
Jammu & Kashmir,28.1 - Promoting enmity on ground of religion race and place of Birth (Section 153A IPC),2014,0,0,0,0,0,0,0,0,0,0,0,0,0,0,0
Jammu & Kashmir,28.2 - Imputation & assertions prejudicial to national integration (Section 153B IPC),2014,0,0,0,0,0,0,0,0,0,0,0,0,0,0,0
Jammu & Kashmir,29 - Extortion (Section 384 - 389 IPC),2014,0,0,0,0,0,0,0,0,0,0,0,0,0,0,0
Jammu & Kashmir,30 - Disclosure of Identity of Victims (Section 228 A IPC),2014,0,0,0,0,0,0,0,0,0,0,0,0,0,0,0
Jammu & Kashmir,31 - Incidence of Rash Driving (Section 279 IPC Read with 337 & 338),2014,1729,0,1729,2242,1,2243,720,0,720,2,0,2,4693,1,4694
Jammu & Kashmir,32 - Human Trafficking (Section 370 & 370A IPC),2014,0,0,0,0,0,0,0,0,0,0,0,0,0,0,0
Jammu & Kashmir,33 - Unnatural Offences U/s 377 IPC,2014,8,0,8,16,0,16,0,0,0,0,0,0,24,0,24
Jammu & Kashmir,34 - Other IPC crimes,2014,3970,451,4421,7441,573,8014,2008,154,2162,120,6,126,13539,1184,14723
Jammu & Kashmir,35 - Total Cognizable IPC crimes,2014,10575,645,11220,18555,1088,19643,5025,289,5314,286,12,298,34441,2034,36475
Jharkhand,1 - Murder (Section 302 IPC),2014,937,16,953,1451,30,1481,358,4,362,2,0,2,2748,50,2798
Jharkhand,2 - Attempt to commit Murder (Section 307 IPC),2014,404,10,414,516,13,529,114,1,115,2,0,2,1036,24,1060
Jharkhand,3 - Culpable Homicide not amounting to Murder (Section 304 IPC),2014,39,1,40,91,0,91,22,0,22,0,0,0,152,1,153
Jharkhand,4 - Attempt to commit Culpable Homicide (Section 308 IPC),2014,2,0,2,1,0,1,0,0,0,0,0,0,3,0,3
Jharkhand,5 - Rape (Section 376 IPC),2014,777,1,778,632,3,635,143,1,144,0,0,0,1552,5,1557
Jharkhand,5.1 - Custodial Rape,2014,0,0,0,0,0,0,0,0,0,0,0,0,0,0,0
Jharkhand,5.1.1 - Gang Rape,2014,0,0,0,0,0,0,0,0,0,0,0,0,0,0,0
Jharkhand,5.1.2 - Other Rape,2014,0,0,0,0,0,0,0,0,0,0,0,0,0,0,0
Jharkhand,5.2 - Rape other than Custodial,2014,777,1,778,632,3,635,143,1,144,0,0,0,1552,5,1557
Jharkhand,5.2.1 - Gang Rape,2014,44,0,44,24,0,24,5,0,5,0,0,0,73,0,73
Jharkhand,5.2.2 - Other Rape,2014,733,1,734,608,3,611,138,1,139,0,0,0,1479,5,1484
Jharkhand,6 - Attempt to commit Rape (Section 376/511 IPC),2014,129,0,129,43,1,44,5,0,5,0,0,0,177,1,178
Jharkhand,"7 - Kidnapping & Abduction_Total (Section 3,364,364A, 366-369 IPC)",2014,739,13,752,693,13,706,85,1,86,0,0,0,1517,27,1544
Jharkhand,7.1 - Kidnapping & Abduction (Section 363 IPC),2014,47,0,47,82,1,83,2,0,2,0,0,0,131,1,132
Jharkhand,7.2 - Kidnaping & Abduction in order to Murder (Section 364 IPC),2014,37,0,37,30,0,30,6,0,6,0,0,0,73,0,73
Jharkhand,7.3 - Kidnapping for Ransom (Section 364A IPC),2014,17,0,17,50,0,50,3,0,3,0,0,0,70,0,70
Jharkhand,7.4 - Kidnapping & Abduction of Women to compel her for marriage (Section 366 IPC),2014,456,12,468,230,12,242,23,1,24,0,0,0,709,25,734
Jharkhand,7.5 - Other Kidnapping,2014,182,1,183,301,0,301,51,0,51,0,0,0,534,1,535
Jharkhand,"8 - Dacoity (Section 395,396-398 IPC)",2014,206,0,206,289,0,289,18,0,18,0,0,0,513,0,513
Jharkhand,8.1 - Dacoity with Murder (Section 396 IPC),2014,0,0,0,4,0,4,0,0,0,0,0,0,4,0,4
Jharkhand,8.2 - Other Dacoity,2014,206,0,206,285,0,285,18,0,18,0,0,0,509,0,509
Jharkhand,9 - Making Preparation and Assembly for committing Dacoity (Section 399 & 402 IPC),2014,18,0,18,10,0,10,0,0,0,0,0,0,28,0,28
Jharkhand,"10 - Robbery (Section 392 to 394, 397 and 398 IPC)",2014,473,0,473,494,0,494,16,0,16,0,0,0,983,0,983
Jharkhand,11 - Criminal Trespass/Burglary_Total (Section 453 to 460 IPC),2014,406,2,408,404,1,405,64,0,64,0,0,0,874,3,877
Jharkhand,"11.1 - Criminal Trespass/Burglary (Section 455, 457 & 458 IPC)",2014,246,2,248,311,1,312,27,0,27,0,0,0,584,3,587
Jharkhand,"11.2 - House Trespass & House Breaking (Section 453,454,456,459 & 460 IPC)",2014,160,0,160,93,0,93,37,0,37,0,0,0,290,0,290
Jharkhand,12 - Theft (Section 379 to 382 IPC),2014,1979,33,2012,2072,29,2101,375,0,375,0,0,0,4426,62,4488
Jharkhand,12.1 - Auto Theft,2014,663,0,663,544,0,544,54,0,54,0,0,0,1261,0,1261
Jharkhand,12.2 - Other Thefts,2014,1316,33,1349,1528,29,1557,321,0,321,0,0,0,3165,62,3227
Jharkhand,"13 - Unlawful Assembly (Section 143,144 & 145)",2014,86,2,88,68,0,68,19,0,19,0,0,0,173,2,175
Jharkhand,"14 - Riots (Section 147, 148, 149, 150 & 151 IPC)",2014,1191,93,1284,1837,148,1985,396,23,419,0,0,0,3424,264,3688
Jharkhand,14.1 - Communal,2014,84,10,94,153,17,170,5,5,10,0,0,0,242,32,274
Jharkhand,14.2 - Industrial,2014,0,0,0,0,0,0,0,0,0,0,0,0,0,0,0
Jharkhand,14.3 - Political,2014,2,0,2,22,0,22,0,0,0,0,0,0,24,0,24
Jharkhand,14.4 - Caste Conflict,2014,18,10,28,42,12,54,6,7,13,0,0,0,66,29,95
Jharkhand,14.4.1 - SC/STs Vs. Non-SCs/STs,2014,0,0,0,2,0,2,0,0,0,0,0,0,2,0,2
Jharkhand,14.4.2 - Other Caste Riots,2014,18,10,28,40,12,52,6,7,13,0,0,0,64,29,93
Jharkhand,14.5 - Agrarian,2014,3,0,3,5,5,10,0,0,0,0,0,0,8,5,13
Jharkhand,14.6 - Students,2014,0,0,0,0,0,0,0,0,0,0,0,0,0,0,0
Jharkhand,14.7 - Sectarian,2014,0,0,0,0,0,0,0,0,0,0,0,0,0,0,0
Jharkhand,14.8 - Other Riots,2014,1084,73,1157,1615,114,1729,385,11,396,0,0,0,3084,198,3282
Jharkhand,15 - Criminal Breach of Trust (Section 406 to 409 IPC),2014,300,1,301,606,7,613,136,2,138,0,0,0,1042,10,1052
Jharkhand,16 - Cheating (Section 420 IPC),2014,777,2,779,1620,15,1635,427,5,432,0,0,0,2824,22,2846
Jharkhand,"17 - Forgery (Section 465, 468 & 471 IPC)",2014,87,1,88,172,1,173,39,0,39,0,0,0,298,2,300
Jharkhand,"18 - Counterfeiting (Section 231-235,237-240, 242-243, 255 and 489-A to 489-E IPC)",2014,1,0,1,9,0,9,2,0,2,0,0,0,12,0,12
Jharkhand,"18.1 - Offences related to Counterfeit Coin (Section 231-235,237, 238-240 & 242-243 IPC)",2014,0,0,0,0,0,0,0,0,0,0,0,0,0,0,0
Jharkhand,18.2 - Counterfeiting Government Stamp (Section 255 IPC),2014,0,0,0,1,0,1,0,0,0,0,0,0,1,0,1
Jharkhand,18.3 - Counterfeit currency & Bank notes (Section 489-A to 489-E IPC),2014,1,0,1,8,0,8,2,0,2,0,0,0,11,0,11
Jharkhand,18.3.1 - Counterfeiting currency notes or Bank notes (Section 489A IPC),2014,1,0,1,4,0,4,2,0,2,0,0,0,7,0,7
Jharkhand,18.3.2 - Using forged or counterfeit currency/Bank notes (Section 489B IPC),2014,0,0,0,0,0,0,0,0,0,0,0,0,0,0,0
Jharkhand,18.3.3 - Possession of forged or counterfeiting currency / Bank notes (Section 489C IPC),2014,0,0,0,0,0,0,0,0,0,0,0,0,0,0,0
Jharkhand,18.3.4 - Make/Possess materials for forging or counterfeiting currency/Bank notes (Section 489D IPC),2014,0,0,0,0,0,0,0,0,0,0,0,0,0,0,0
Jharkhand,18.3.5 - Make/Use documents resembling currency notes/Bank notes (Section 489 E IPC),2014,0,0,0,4,0,4,0,0,0,0,0,0,4,0,4
Jharkhand,19 - Arson (Section 435-436 & 438 IPC),2014,85,0,85,165,0,165,18,0,18,0,0,0,268,0,268
Jharkhand,"20 - Grievous Hurt (Section 325,326,326A & 326 B IPC)",2014,968,51,1019,1105,67,1172,304,10,314,73,0,73,2450,128,2578
Jharkhand,20.1 - Grievous Hurt (Section 325 & 326 IPC),2014,965,51,1016,1105,67,1172,304,10,314,73,0,73,2447,128,2575
Jharkhand,20.2 - Acid attack (Section 326A IPC),2014,1,0,1,0,0,0,0,0,0,0,0,0,1,0,1
Jharkhand,20.3 - Attempt to Acid Attack (Section 326B IPC),2014,2,0,2,0,0,0,0,0,0,0,0,0,2,0,2
Jharkhand,21 - Dowry Deaths (Section 304-B IPC),2014,137,7,144,274,14,288,54,9,63,2,1,3,467,31,498
Jharkhand,22 - Assault on women with intent to outrage her Modesty (Section 354 IPC),2014,366,0,366,217,0,217,18,0,18,0,0,0,601,0,601
Jharkhand,22.1 - Sexual Harassment (Section 354A IPC),2014,117,0,117,114,0,114,3,0,3,0,0,0,234,0,234
Jharkhand,22.2 - Assault on women with intent to Disrobe (Section 354B IPC),2014,50,0,50,32,0,32,2,0,2,0,0,0,84,0,84
Jharkhand,22.3 - Voyeurism (Section 354C IPC),2014,0,0,0,0,0,0,0,0,0,0,0,0,0,0,0
Jharkhand,22.4 - Stalking (Section 354D IPC),2014,4,0,4,0,0,0,0,0,0,0,0,0,4,0,4
Jharkhand,22.5 - Others,2014,195,0,195,71,0,71,13,0,13,0,0,0,279,0,279
Jharkhand,23 - Insult to the Modesty of Women (Section 509 IPC),2014,46,0,46,22,0,22,2,0,2,0,0,0,70,0,70
Jharkhand,23.1 - At Office premises,2014,0,0,0,0,0,0,0,0,0,0,0,0,0,0,0
Jharkhand,23.2 - Places related to work other than Office,2014,0,0,0,0,0,0,0,0,0,0,0,0,0,0,0
Jharkhand,23.3 - In Public Transport system,2014,0,0,0,0,0,0,0,0,0,0,0,0,0,0,0
Jharkhand,23.4 - in Other Places,2014,46,0,46,22,0,22,2,0,2,0,0,0,70,0,70
Jharkhand,24 - Cruelty by Husband or his Relatives (Section 498-A IPC),2014,434,40,474,919,86,1005,181,90,271,3,2,5,1537,218,1755
Jharkhand,25 - Importation of Girls from Foreign Country (Section 366-B IPC),2014,1,0,1,1,0,1,0,0,0,0,0,0,2,0,2
Jharkhand,26 - Causing Death by Negligence (Section 304-A IPC),2014,766,0,766,1545,0,1545,304,0,304,0,0,0,2615,0,2615
Jharkhand,26.1 - Deaths due to negligent driving/act,2014,757,0,757,1487,0,1487,301,0,301,0,0,0,2545,0,2545
Jharkhand,26.2 - Deaths due to Other Causes,2014,9,0,9,58,0,58,3,0,3,0,0,0,70,0,70
Jharkhand,"27 - Offences against State (Section 121, 121A, 122, 123, 124-A IPC)",2014,6,0,6,12,0,12,0,0,0,0,0,0,18,0,18
Jharkhand,27.1 - Sedition (Section 124A IPC),2014,6,0,6,12,0,12,0,0,0,0,0,0,18,0,18
Jharkhand,27.2 - Other offences against State,2014,0,0,0,0,0,0,0,0,0,0,0,0,0,0,0
Jharkhand,28 - Offences promoting enmity between different groups (Section 153A & 153B IPC),2014,0,0,0,0,0,0,0,0,0,0,0,0,0,0,0
Jharkhand,28.1 - Promoting enmity on ground of religion race and place of Birth (Section 153A IPC),2014,0,0,0,0,0,0,0,0,0,0,0,0,0,0,0
Jharkhand,28.2 - Imputation & assertions prejudicial to national integration (Section 153B IPC),2014,0,0,0,0,0,0,0,0,0,0,0,0,0,0,0
Jharkhand,29 - Extortion (Section 384 - 389 IPC),2014,188,0,188,249,2,251,30,0,30,0,0,0,467,2,469
Jharkhand,30 - Disclosure of Identity of Victims (Section 228 A IPC),2014,0,0,0,0,0,0,0,0,0,0,0,0,0,0,0
Jharkhand,31 - Incidence of Rash Driving (Section 279 IPC Read with 337 & 338),2014,778,3,781,1229,2,1231,215,0,215,6,0,6,2228,5,2233
Jharkhand,32 - Human Trafficking (Section 370 & 370A IPC),2014,46,3,49,55,5,60,5,0,5,0,0,0,106,8,114
Jharkhand,33 - Unnatural Offences U/s 377 IPC,2014,4,0,4,6,0,6,0,0,0,0,0,0,10,0,10
Jharkhand,34 - Other IPC crimes,2014,7853,331,8184,12562,810,13372,3077,221,3298,62,4,66,23554,1366,24920
Jharkhand,35 - Total Cognizable IPC crimes,2014,20229,610,20839,29369,1247,30616,6427,367,6794,150,7,157,56175,2231,58406
Karnataka,1 - Murder (Section 302 IPC),2014,1422,99,1521,1156,158,1314,447,56,503,39,11,50,3064,324,3388
Karnataka,2 - Attempt to commit Murder (Section 307 IPC),2014,2717,117,2834,1995,201,2196,957,89,1046,99,13,112,5768,420,6188
Karnataka,3 - Culpable Homicide not amounting to Murder (Section 304 IPC),2014,35,2,37,76,2,78,10,0,10,1,0,1,122,4,126
Karnataka,4 - Attempt to commit Culpable Homicide (Section 308 IPC),2014,82,3,85,52,0,52,22,0,22,1,0,1,157,3,160
Karnataka,5 - Rape (Section 376 IPC),2014,1210,19,1229,537,29,566,105,13,118,9,1,10,1861,62,1923
Karnataka,5.1 - Custodial Rape,2014,0,0,0,0,0,0,0,0,0,0,0,0,0,0,0
Karnataka,5.1.1 - Gang Rape,2014,0,0,0,0,0,0,0,0,0,0,0,0,0,0,0
Karnataka,5.1.2 - Other Rape,2014,0,0,0,0,0,0,0,0,0,0,0,0,0,0,0
Karnataka,5.2 - Rape other than Custodial,2014,1210,19,1229,537,29,566,105,13,118,9,1,10,1861,62,1923
Karnataka,5.2.1 - Gang Rape,2014,66,0,66,9,0,9,0,0,0,0,0,0,75,0,75
Karnataka,5.2.2 - Other Rape,2014,1144,19,1163,528,29,557,105,13,118,9,1,10,1786,62,1848
Karnataka,6 - Attempt to commit Rape (Section 376/511 IPC),2014,23,0,23,4,0,4,0,0,0,0,0,0,27,0,27
Karnataka,"7 - Kidnapping & Abduction_Total (Section 3,364,364A, 366-369 IPC)",2014,1109,16,1125,679,20,699,104,9,113,17,0,17,1909,45,1954
Karnataka,7.1 - Kidnapping & Abduction (Section 363 IPC),2014,311,4,315,204,4,208,15,1,16,1,0,1,531,9,540
Karnataka,7.2 - Kidnaping & Abduction in order to Murder (Section 364 IPC),2014,0,0,0,0,0,0,0,0,0,0,0,0,0,0,0
Karnataka,7.3 - Kidnapping for Ransom (Section 364A IPC),2014,65,3,68,28,3,31,2,0,2,0,0,0,95,6,101
Karnataka,7.4 - Kidnapping & Abduction of Women to compel her for marriage (Section 366 IPC),2014,219,2,221,134,3,137,38,4,42,9,0,9,400,9,409
Karnataka,7.5 - Other Kidnapping,2014,514,7,521,313,10,323,49,4,53,7,0,7,883,21,904
Karnataka,"8 - Dacoity (Section 395,396-398 IPC)",2014,517,4,521,316,7,323,29,0,29,2,1,3,864,12,876
Karnataka,8.1 - Dacoity with Murder (Section 396 IPC),2014,0,0,0,0,0,0,0,0,0,0,0,0,0,0,0
Karnataka,8.2 - Other Dacoity,2014,517,4,521,316,7,323,29,0,29,2,1,3,864,12,876
Karnataka,9 - Making Preparation and Assembly for committing Dacoity (Section 399 & 402 IPC),2014,1472,1,1473,430,0,430,26,0,26,1,0,1,1929,1,1930
Karnataka,"10 - Robbery (Section 392 to 394, 397 and 398 IPC)",2014,2138,15,2153,800,19,819,111,1,112,12,1,13,3061,36,3097
Karnataka,11 - Criminal Trespass/Burglary_Total (Section 453 to 460 IPC),2014,3188,26,3214,2344,18,2362,643,6,649,12,0,12,6187,50,6237
Karnataka,"11.1 - Criminal Trespass/Burglary (Section 455, 457 & 458 IPC)",2014,2156,18,2174,1747,14,1761,573,5,578,12,0,12,4488,37,4525
Karnataka,"11.2 - House Trespass & House Breaking (Section 453,454,456,459 & 460 IPC)",2014,1032,8,1040,597,4,601,70,1,71,0,0,0,1699,13,1712
Karnataka,12 - Theft (Section 379 to 382 IPC),2014,8100,106,8206,4991,110,5101,1009,24,1033,59,3,62,14159,243,14402
Karnataka,12.1 - Auto Theft,2014,3374,5,3379,2141,2,2143,413,0,413,8,0,8,5936,7,5943
Karnataka,12.2 - Other Thefts,2014,4726,101,4827,2850,108,2958,596,24,620,51,3,54,8223,236,8459
Karnataka,"13 - Unlawful Assembly (Section 143,144 & 145)",2014,58,15,73,63,35,98,43,11,54,0,0,0,164,61,225
Karnataka,"14 - Riots (Section 147, 148, 149, 150 & 151 IPC)",2014,8917,805,9722,9911,921,10832,4076,483,4559,506,43,549,23410,2252,25662
Karnataka,14.1 - Communal,2014,169,0,169,121,0,121,47,0,47,12,0,12,349,0,349
Karnataka,14.2 - Industrial,2014,13,0,13,43,0,43,10,0,10,0,0,0,66,0,66
Karnataka,14.3 - Political,2014,90,0,90,110,0,110,28,0,28,0,0,0,228,0,228
Karnataka,14.4 - Caste Conflict,2014,122,0,122,115,0,115,40,0,40,0,0,0,277,0,277
Karnataka,14.4.1 - SC/STs Vs. Non-SCs/STs,2014,0,0,0,0,0,0,0,0,0,0,0,0,0,0,0
Karnataka,14.4.2 - Other Caste Riots,2014,122,0,122,115,0,115,40,0,40,0,0,0,277,0,277
Karnataka,14.5 - Agrarian,2014,62,3,65,92,10,102,71,7,78,8,3,11,233,23,256
Karnataka,14.6 - Students,2014,15,0,15,0,0,0,0,0,0,0,0,0,15,0,15
Karnataka,14.7 - Sectarian,2014,0,0,0,0,0,0,0,0,0,0,0,0,0,0,0
Karnataka,14.8 - Other Riots,2014,8446,802,9248,9430,911,10341,3880,476,4356,486,40,526,22242,2229,24471
Karnataka,15 - Criminal Breach of Trust (Section 406 to 409 IPC),2014,224,0,224,402,14,416,77,1,78,7,0,7,710,15,725
Karnataka,16 - Cheating (Section 420 IPC),2014,2441,72,2513,3453,254,3707,1487,121,1608,170,19,189,7551,466,8017
Karnataka,"17 - Forgery (Section 465, 468 & 471 IPC)",2014,103,1,104,140,3,143,54,4,58,2,2,4,299,10,309
Karnataka,"18 - Counterfeiting (Section 231-235,237-240, 242-243, 255 and 489-A to 489-E IPC)",2014,50,0,50,27,1,28,13,0,13,0,0,0,90,1,91
Karnataka,"18.1 - Offences related to Counterfeit Coin (Section 231-235,237, 238-240 & 242-243 IPC)",2014,0,0,0,0,0,0,0,0,0,0,0,0,0,0,0
Karnataka,18.2 - Counterfeiting Government Stamp (Section 255 IPC),2014,0,0,0,1,0,1,0,0,0,0,0,0,1,0,1
Karnataka,18.3 - Counterfeit currency & Bank notes (Section 489-A to 489-E IPC),2014,50,0,50,26,1,27,13,0,13,0,0,0,89,1,90
Karnataka,18.3.1 - Counterfeiting currency notes or Bank notes (Section 489A IPC),2014,38,0,38,19,0,19,5,0,5,0,0,0,62,0,62
Karnataka,18.3.2 - Using forged or counterfeit currency/Bank notes (Section 489B IPC),2014,9,0,9,6,1,7,1,0,1,0,0,0,16,1,17
Karnataka,18.3.3 - Possession of forged or counterfeiting currency / Bank notes (Section 489C IPC),2014,2,0,2,1,0,1,7,0,7,0,0,0,10,0,10
Karnataka,18.3.4 - Make/Possess materials for forging or counterfeiting currency/Bank notes (Section 489D IPC),2014,0,0,0,0,0,0,0,0,0,0,0,0,0,0,0
Karnataka,18.3.5 - Make/Use documents resembling currency notes/Bank notes (Section 489 E IPC),2014,1,0,1,0,0,0,0,0,0,0,0,0,1,0,1
Karnataka,19 - Arson (Section 435-436 & 438 IPC),2014,205,1,206,1041,7,1048,151,7,158,4,0,4,1401,15,1416
Karnataka,"20 - Grievous Hurt (Section 325,326,326A & 326 B IPC)",2014,1838,99,1937,1642,145,1787,722,52,774,31,6,37,4233,302,4535
Karnataka,20.1 - Grievous Hurt (Section 325 & 326 IPC),2014,1835,99,1934,1638,145,1783,722,52,774,31,6,37,4226,302,4528
Karnataka,20.2 - Acid attack (Section 326A IPC),2014,2,0,2,3,0,3,0,0,0,0,0,0,5,0,5
Karnataka,20.3 - Attempt to Acid Attack (Section 326B IPC),2014,1,0,1,1,0,1,0,0,0,0,0,0,2,0,2
Karnataka,21 - Dowry Deaths (Section 304-B IPC),2014,162,42,204,240,77,317,61,66,127,17,10,27,480,195,675
Karnataka,22 - Assault on women with intent to outrage her Modesty (Section 354 IPC),2014,3463,229,3692,3064,357,3421,1080,192,1272,79,15,94,7686,793,8479
Karnataka,22.1 - Sexual Harassment (Section 354A IPC),2014,147,6,153,137,14,151,36,12,48,4,0,4,324,32,356
Karnataka,22.2 - Assault on women with intent to Disrobe (Section 354B IPC),2014,71,11,82,118,15,133,39,15,54,2,1,3,230,42,272
Karnataka,22.3 - Voyeurism (Section 354C IPC),2014,8,0,8,0,0,0,2,0,2,0,0,0,10,0,10
Karnataka,22.4 - Stalking (Section 354D IPC),2014,42,0,42,22,1,23,5,0,5,0,0,0,69,1,70
Karnataka,22.5 - Others,2014,3195,212,3407,2787,327,3114,998,165,1163,73,14,87,7053,718,7771
Karnataka,23 - Insult to the Modesty of Women (Section 509 IPC),2014,96,0,96,87,0,87,6,0,6,1,0,1,190,0,190
Karnataka,23.1 - At Office premises,2014,2,0,2,2,0,2,1,0,1,0,0,0,5,0,5
Karnataka,23.2 - Places related to work other than Office,2014,2,0,2,10,0,10,0,0,0,0,0,0,12,0,12
Karnataka,23.3 - In Public Transport system,2014,1,0,1,1,0,1,0,0,0,0,0,0,2,0,2
Karnataka,23.4 - in Other Places,2014,91,0,91,74,0,74,5,0,5,1,0,1,171,0,171
Karnataka,24 - Cruelty by Husband or his Relatives (Section 498-A IPC),2014,1715,232,1947,2010,469,2479,589,322,911,124,62,186,4438,1085,5523
Karnataka,25 - Importation of Girls from Foreign Country (Section 366-B IPC),2014,0,0,0,0,0,0,0,0,0,0,0,0,0,0,0
Karnataka,26 - Causing Death by Negligence (Section 304-A IPC),2014,4341,18,4359,4178,16,4194,1272,5,1277,63,0,63,9854,39,9893
Karnataka,26.1 - Deaths due to negligent driving/act,2014,4142,11,4153,3785,8,3793,1173,2,1175,54,0,54,9154,21,9175
Karnataka,26.2 - Deaths due to Other Causes,2014,199,7,206,393,8,401,99,3,102,9,0,9,700,18,718
Karnataka,"27 - Offences against State (Section 121, 121A, 122, 123, 124-A IPC)",2014,0,0,0,0,0,0,0,0,0,0,0,0,0,0,0
Karnataka,27.1 - Sedition (Section 124A IPC),2014,0,0,0,0,0,0,0,0,0,0,0,0,0,0,0
Karnataka,27.2 - Other offences against State,2014,0,0,0,0,0,0,0,0,0,0,0,0,0,0,0
Karnataka,28 - Offences promoting enmity between different groups (Section 153A & 153B IPC),2014,47,1,48,11,0,11,3,0,3,1,0,1,62,1,63
Karnataka,28.1 - Promoting enmity on ground of religion race and place of Birth (Section 153A IPC),2014,47,1,48,11,0,11,3,0,3,1,0,1,62,1,63
Karnataka,28.2 - Imputation & assertions prejudicial to national integration (Section 153B IPC),2014,0,0,0,0,0,0,0,0,0,0,0,0,0,0,0
Karnataka,29 - Extortion (Section 384 - 389 IPC),2014,115,4,119,68,9,77,13,3,16,4,0,4,200,16,216
Karnataka,30 - Disclosure of Identity of Victims (Section 228 A IPC),2014,0,0,0,0,0,0,0,0,0,0,0,0,0,0,0
Karnataka,31 - Incidence of Rash Driving (Section 279 IPC Read with 337 & 338),2014,14522,42,14564,13672,39,13711,4733,5,4738,272,0,272,33199,86,33285
Karnataka,32 - Human Trafficking (Section 370 & 370A IPC),2014,101,2,103,80,3,83,5,1,6,0,0,0,186,6,192
Karnataka,33 - Unnatural Offences U/s 377 IPC,2014,8,0,8,4,0,4,0,0,0,2,0,2,14,0,14
Karnataka,34 - Other IPC crimes,2014,25486,1588,27074,24728,1868,26596,9699,780,10479,722,83,805,60635,4319,64954
Karnataka,35 - Total Cognizable IPC crimes,2014,85905,3559,89464,78201,4782,82983,27547,2251,29798,2257,270,2527,193910,10862,204772
Kerala,1 - Murder (Section 302 IPC),2014,187,10,197,303,20,323,112,8,120,18,0,18,620,38,658
Kerala,2 - Attempt to commit Murder (Section 307 IPC),2014,601,4,605,803,14,817,228,7,235,29,0,29,1661,25,1686
Kerala,3 - Culpable Homicide not amounting to Murder (Section 304 IPC),2014,41,0,41,77,5,82,24,2,26,1,0,1,143,7,150
Kerala,4 - Attempt to commit Culpable Homicide (Section 308 IPC),2014,812,6,818,941,9,950,343,2,345,30,0,30,2126,17,2143
Kerala,5 - Rape (Section 376 IPC),2014,579,6,585,594,14,608,170,4,174,30,1,31,1373,25,1398
Kerala,5.1 - Custodial Rape,2014,0,0,0,0,0,0,0,0,0,0,0,0,0,0,0
Kerala,5.1.1 - Gang Rape,2014,0,0,0,0,0,0,0,0,0,0,0,0,0,0,0
Kerala,5.1.2 - Other Rape,2014,0,0,0,0,0,0,0,0,0,0,0,0,0,0,0
Kerala,5.2 - Rape other than Custodial,2014,579,6,585,594,14,608,170,4,174,30,1,31,1373,25,1398
Kerala,5.2.1 - Gang Rape,2014,19,0,19,20,0,20,7,0,7,1,0,1,47,0,47
Kerala,5.2.2 - Other Rape,2014,560,6,566,574,14,588,163,4,167,29,1,30,1326,25,1351
Kerala,6 - Attempt to commit Rape (Section 376/511 IPC),2014,14,0,14,18,0,18,2,0,2,0,0,0,34,0,34
Kerala,"7 - Kidnapping & Abduction_Total (Section 3,364,364A, 366-369 IPC)",2014,195,1,196,117,7,124,25,0,25,0,0,0,337,8,345
Kerala,7.1 - Kidnapping & Abduction (Section 363 IPC),2014,31,0,31,15,1,16,3,0,3,0,0,0,49,1,50
Kerala,7.2 - Kidnaping & Abduction in order to Murder (Section 364 IPC),2014,0,0,0,0,0,0,0,0,0,0,0,0,0,0,0
Kerala,7.3 - Kidnapping for Ransom (Section 364A IPC),2014,13,0,13,8,0,8,0,0,0,0,0,0,21,0,21
Kerala,7.4 - Kidnapping & Abduction of Women to compel her for marriage (Section 366 IPC),2014,82,0,82,16,1,17,6,0,6,0,0,0,104,1,105
Kerala,7.5 - Other Kidnapping,2014,69,1,70,78,5,83,16,0,16,0,0,0,163,6,169
Kerala,"8 - Dacoity (Section 395,396-398 IPC)",2014,103,4,107,112,7,119,13,0,13,0,0,0,228,11,239
Kerala,8.1 - Dacoity with Murder (Section 396 IPC),2014,0,0,0,6,0,6,0,0,0,0,0,0,6,0,6
Kerala,8.2 - Other Dacoity,2014,103,4,107,106,7,113,13,0,13,0,0,0,222,11,233
Kerala,9 - Making Preparation and Assembly for committing Dacoity (Section 399 & 402 IPC),2014,130,0,130,133,0,133,46,0,46,1,0,1,310,0,310
Kerala,"10 - Robbery (Section 392 to 394, 397 and 398 IPC)",2014,390,14,404,378,26,404,101,3,104,7,0,7,876,43,919
Kerala,11 - Criminal Trespass/Burglary_Total (Section 453 to 460 IPC),2014,856,22,878,1166,27,1193,411,4,415,28,1,29,2461,54,2515
Kerala,"11.1 - Criminal Trespass/Burglary (Section 455, 457 & 458 IPC)",2014,657,7,664,866,14,880,285,1,286,22,0,22,1830,22,1852
Kerala,"11.2 - House Trespass & House Breaking (Section 453,454,456,459 & 460 IPC)",2014,199,15,214,300,13,313,126,3,129,6,1,7,631,32,663
Kerala,12 - Theft (Section 379 to 382 IPC),2014,1410,110,1520,1544,124,1668,459,30,489,36,2,38,3449,266,3715
Kerala,12.1 - Auto Theft,2014,453,0,453,429,5,434,81,0,81,0,0,0,963,5,968
Kerala,12.2 - Other Thefts,2014,957,110,1067,1115,119,1234,378,30,408,36,2,38,2486,261,2747
Kerala,"13 - Unlawful Assembly (Section 143,144 & 145)",2014,2149,85,2234,2307,173,2480,893,26,919,59,0,59,5408,284,5692
Kerala,"14 - Riots (Section 147, 148, 149, 150 & 151 IPC)",2014,10263,161,10424,11572,463,12035,4188,136,4324,378,1,379,26401,761,27162
Kerala,14.1 - Communal,2014,35,0,35,537,0,537,10,0,10,0,0,0,582,0,582
Kerala,14.2 - Industrial,2014,0,0,0,0,0,0,0,0,0,0,0,0,0,0,0
Kerala,14.3 - Political,2014,1641,5,1646,1468,6,1474,511,6,517,21,0,21,3641,17,3658
Kerala,14.4 - Caste Conflict,2014,0,0,0,0,0,0,0,0,0,0,0,0,0,0,0
Kerala,14.4.1 - SC/STs Vs. Non-SCs/STs,2014,0,0,0,0,0,0,0,0,0,0,0,0,0,0,0
Kerala,14.4.2 - Other Caste Riots,2014,0,0,0,0,0,0,0,0,0,0,0,0,0,0,0
Kerala,14.5 - Agrarian,2014,0,0,0,0,0,0,0,0,0,0,0,0,0,0,0
Kerala,14.6 - Students,2014,744,0,744,0,0,0,0,0,0,0,0,0,744,0,744
Kerala,14.7 - Sectarian,2014,0,0,0,0,0,0,0,0,0,0,0,0,0,0,0
Kerala,14.8 - Other Riots,2014,7843,156,7999,9567,457,10024,3667,130,3797,357,1,358,21434,744,22178
Kerala,15 - Criminal Breach of Trust (Section 406 to 409 IPC),2014,29,0,29,246,11,257,146,5,151,2,1,3,423,17,440
Kerala,16 - Cheating (Section 420 IPC),2014,610,43,653,3147,150,3297,2364,105,2469,143,2,145,6264,300,6564
Kerala,"17 - Forgery (Section 465, 468 & 471 IPC)",2014,10,0,10,64,3,67,32,1,33,5,1,6,111,5,116
Kerala,"18 - Counterfeiting (Section 231-235,237-240, 242-243, 255 and 489-A to 489-E IPC)",2014,21,1,22,29,0,29,10,0,10,0,0,0,60,1,61
Kerala,"18.1 - Offences related to Counterfeit Coin (Section 231-235,237, 238-240 & 242-243 IPC)",2014,0,0,0,0,0,0,0,0,0,0,0,0,0,0,0
Kerala,18.2 - Counterfeiting Government Stamp (Section 255 IPC),2014,0,0,0,0,0,0,0,0,0,0,0,0,0,0,0
Kerala,18.3 - Counterfeit currency & Bank notes (Section 489-A to 489-E IPC),2014,21,1,22,29,0,29,10,0,10,0,0,0,60,1,61
Kerala,18.3.1 - Counterfeiting currency notes or Bank notes (Section 489A IPC),2014,11,0,11,18,0,18,6,0,6,0,0,0,35,0,35
Kerala,18.3.2 - Using forged or counterfeit currency/Bank notes (Section 489B IPC),2014,5,1,6,9,0,9,2,0,2,0,0,0,16,1,17
Kerala,18.3.3 - Possession of forged or counterfeiting currency / Bank notes (Section 489C IPC),2014,4,0,4,2,0,2,1,0,1,0,0,0,7,0,7
Kerala,18.3.4 - Make/Possess materials for forging or counterfeiting currency/Bank notes (Section 489D IPC),2014,0,0,0,0,0,0,0,0,0,0,0,0,0,0,0
Kerala,18.3.5 - Make/Use documents resembling currency notes/Bank notes (Section 489 E IPC),2014,1,0,1,0,0,0,1,0,1,0,0,0,2,0,2
Kerala,19 - Arson (Section 435-436 & 438 IPC),2014,175,0,175,286,0,286,73,0,73,1,0,1,535,0,535
Kerala,"20 - Grievous Hurt (Section 325,326,326A & 326 B IPC)",2014,772,8,780,1056,19,1075,481,6,487,25,0,25,2334,33,2367
Kerala,20.1 - Grievous Hurt (Section 325 & 326 IPC),2014,772,8,780,1054,19,1073,480,5,485,25,0,25,2331,32,2363
Kerala,20.2 - Acid attack (Section 326A IPC),2014,0,0,0,2,0,2,1,1,2,0,0,0,3,1,4
Kerala,20.3 - Attempt to Acid Attack (Section 326B IPC),2014,0,0,0,0,0,0,0,0,0,0,0,0,0,0,0
Kerala,21 - Dowry Deaths (Section 304-B IPC),2014,8,0,8,30,5,35,2,7,9,2,2,4,42,14,56
Kerala,22 - Assault on women with intent to outrage her Modesty (Section 354 IPC),2014,1674,17,1691,2150,32,2182,741,15,756,80,1,81,4645,65,4710
Kerala,22.1 - Sexual Harassment (Section 354A IPC),2014,493,0,493,461,1,462,107,0,107,5,0,5,1066,1,1067
Kerala,22.2 - Assault on women with intent to Disrobe (Section 354B IPC),2014,91,0,91,218,3,221,64,0,64,22,0,22,395,3,398
Kerala,22.3 - Voyeurism (Section 354C IPC),2014,10,0,10,6,0,6,3,0,3,0,0,0,19,0,19
Kerala,22.4 - Stalking (Section 354D IPC),2014,8,0,8,27,0,27,1,0,1,0,0,0,36,0,36
Kerala,22.5 - Others,2014,1072,17,1089,1438,28,1466,566,15,581,53,1,54,3129,61,3190
Kerala,23 - Insult to the Modesty of Women (Section 509 IPC),2014,122,1,123,132,0,132,43,0,43,1,0,1,298,1,299
Kerala,23.1 - At Office premises,2014,0,0,0,3,0,3,3,0,3,0,0,0,6,0,6
Kerala,23.2 - Places related to work other than Office,2014,3,0,3,0,0,0,0,0,0,0,0,0,3,0,3
Kerala,23.3 - In Public Transport system,2014,2,0,2,4,0,4,6,0,6,0,0,0,12,0,12
Kerala,23.4 - in Other Places,2014,117,1,118,125,0,125,34,0,34,1,0,1,277,1,278
Kerala,24 - Cruelty by Husband or his Relatives (Section 498-A IPC),2014,736,190,926,3238,451,3689,1475,571,2046,100,57,157,5549,1269,6818
Kerala,25 - Importation of Girls from Foreign Country (Section 366-B IPC),2014,0,0,0,0,0,0,0,0,0,0,0,0,0,0,0
Kerala,26 - Causing Death by Negligence (Section 304-A IPC),2014,1220,1,1221,1562,10,1572,642,0,642,51,0,51,3475,11,3486
Kerala,26.1 - Deaths due to negligent driving/act,2014,1214,1,1215,1510,8,1518,622,0,622,50,0,50,3396,9,3405
Kerala,26.2 - Deaths due to Other Causes,2014,6,0,6,52,2,54,20,0,20,1,0,1,79,2,81
Kerala,"27 - Offences against State (Section 121, 121A, 122, 123, 124-A IPC)",2014,5,0,5,3,0,3,0,0,0,0,0,0,8,0,8
Kerala,27.1 - Sedition (Section 124A IPC),2014,4,0,4,0,0,0,0,0,0,0,0,0,4,0,4
Kerala,27.2 - Other offences against State,2014,1,0,1,3,0,3,0,0,0,0,0,0,4,0,4
Kerala,28 - Offences promoting enmity between different groups (Section 153A & 153B IPC),2014,40,0,40,40,0,40,9,0,9,0,1,1,89,1,90
Kerala,28.1 - Promoting enmity on ground of religion race and place of Birth (Section 153A IPC),2014,40,0,40,38,0,38,6,0,6,0,1,1,84,1,85
Kerala,28.2 - Imputation & assertions prejudicial to national integration (Section 153B IPC),2014,0,0,0,2,0,2,3,0,3,0,0,0,5,0,5
Kerala,29 - Extortion (Section 384 - 389 IPC),2014,21,1,22,33,1,34,3,0,3,0,0,0,57,2,59
Kerala,30 - Disclosure of Identity of Victims (Section 228 A IPC),2014,0,0,0,0,0,0,0,0,0,0,0,0,0,0,0
Kerala,31 - Incidence of Rash Driving (Section 279 IPC Read with 337 & 338),2014,50448,126,50574,41776,117,41893,16876,20,16896,1221,0,1221,110321,263,110584
Kerala,32 - Human Trafficking (Section 370 & 370A IPC),2014,3,1,4,7,2,9,2,0,2,1,0,1,13,3,16
Kerala,33 - Unnatural Offences U/s 377 IPC,2014,28,4,32,49,3,52,41,2,43,5,0,5,123,9,132
Kerala,34 - Other IPC crimes,2014,24568,193,24761,25852,656,26508,11824,288,12112,921,28,949,63165,1165,64330
Kerala,35 - Total Cognizable IPC crimes,2014,98220,1009,99229,99765,2349,102114,41779,1242,43021,3175,98,3273,242939,4698,247637
Madhya Pradesh,1 - Murder (Section 302 IPC),2014,1686,84,1770,1742,164,1906,674,54,728,89,6,95,4191,308,4499
Madhya Pradesh,2 - Attempt to commit Murder (Section 307 IPC),2014,2688,85,2773,2334,96,2430,1075,35,1110,107,10,117,6204,226,6430
Madhya Pradesh,3 - Culpable Homicide not amounting to Murder (Section 304 IPC),2014,91,2,93,118,2,120,55,3,58,0,0,0,264,7,271
Madhya Pradesh,4 - Attempt to commit Culpable Homicide (Section 308 IPC),2014,101,3,104,85,2,87,34,1,35,5,1,6,225,7,232
Madhya Pradesh,5 - Rape (Section 376 IPC),2014,3827,65,3892,1830,85,1915,453,50,503,24,1,25,6134,201,6335
Madhya Pradesh,5.1 - Custodial Rape,2014,0,0,0,0,0,0,0,0,0,0,0,0,0,0,0
Madhya Pradesh,5.1.1 - Gang Rape,2014,0,0,0,0,0,0,0,0,0,0,0,0,0,0,0
Madhya Pradesh,5.1.2 - Other Rape,2014,0,0,0,0,0,0,0,0,0,0,0,0,0,0,0
Madhya Pradesh,5.2 - Rape other than Custodial,2014,3827,65,3892,1830,85,1915,453,50,503,24,1,25,6134,201,6335
Madhya Pradesh,5.2.1 - Gang Rape,2014,394,7,401,221,9,230,27,2,29,0,0,0,642,18,660
Madhya Pradesh,5.2.2 - Other Rape,2014,3433,58,3491,1609,76,1685,426,48,474,24,1,25,5492,183,5675
Madhya Pradesh,6 - Attempt to commit Rape (Section 376/511 IPC),2014,32,0,32,25,0,25,3,0,3,0,0,0,60,0,60
Madhya Pradesh,"7 - Kidnapping & Abduction_Total (Section 3,364,364A, 366-369 IPC)",2014,2390,40,2430,1375,63,1438,290,23,313,13,0,13,4068,126,4194
Madhya Pradesh,7.1 - Kidnapping & Abduction (Section 363 IPC),2014,874,3,877,382,12,394,55,5,60,0,0,0,1311,20,1331
Madhya Pradesh,7.2 - Kidnaping & Abduction in order to Murder (Section 364 IPC),2014,8,0,8,10,0,10,11,0,11,3,0,3,32,0,32
Madhya Pradesh,7.3 - Kidnapping for Ransom (Section 364A IPC),2014,26,1,27,37,1,38,18,0,18,1,0,1,82,2,84
Madhya Pradesh,7.4 - Kidnapping & Abduction of Women to compel her for marriage (Section 366 IPC),2014,833,19,852,560,34,594,126,13,139,7,0,7,1526,66,1592
Madhya Pradesh,7.5 - Other Kidnapping,2014,649,17,666,386,16,402,80,5,85,2,0,2,1117,38,1155
Madhya Pradesh,"8 - Dacoity (Section 395,396-398 IPC)",2014,325,0,325,410,1,411,63,0,63,0,0,0,798,1,799
Madhya Pradesh,8.1 - Dacoity with Murder (Section 396 IPC),2014,3,0,3,2,0,2,0,0,0,0,0,0,5,0,5
Madhya Pradesh,8.2 - Other Dacoity,2014,322,0,322,408,1,409,63,0,63,0,0,0,793,1,794
Madhya Pradesh,9 - Making Preparation and Assembly for committing Dacoity (Section 399 & 402 IPC),2014,511,0,511,340,0,340,94,0,94,10,0,10,955,0,955
Madhya Pradesh,"10 - Robbery (Section 392 to 394, 397 and 398 IPC)",2014,1722,14,1736,1106,11,1117,213,0,213,17,1,18,3058,26,3084
Madhya Pradesh,11 - Criminal Trespass/Burglary_Total (Section 453 to 460 IPC),2014,3811,21,3832,2332,20,2352,786,1,787,35,0,35,6964,42,7006
Madhya Pradesh,"11.1 - Criminal Trespass/Burglary (Section 455, 457 & 458 IPC)",2014,3302,19,3321,1848,11,1859,631,1,632,35,0,35,5816,31,5847
Madhya Pradesh,"11.2 - House Trespass & House Breaking (Section 453,454,456,459 & 460 IPC)",2014,509,2,511,484,9,493,155,0,155,0,0,0,1148,11,1159
Madhya Pradesh,12 - Theft (Section 379 to 382 IPC),2014,7770,82,7852,5172,45,5217,1419,6,1425,54,1,55,14415,134,14549
Madhya Pradesh,12.1 - Auto Theft,2014,2737,1,2738,1797,0,1797,293,0,293,10,0,10,4837,1,4838
Madhya Pradesh,12.2 - Other Thefts,2014,5033,81,5114,3375,45,3420,1126,6,1132,44,1,45,9578,133,9711
Madhya Pradesh,"13 - Unlawful Assembly (Section 143,144 & 145)",2014,39,3,42,34,1,35,7,0,7,0,0,0,80,4,84
Madhya Pradesh,"14 - Riots (Section 147, 148, 149, 150 & 151 IPC)",2014,5135,145,5280,4645,237,4882,1948,99,2047,254,9,263,11982,490,12472
Madhya Pradesh,14.1 - Communal,2014,138,0,138,110,0,110,6,0,6,1,0,1,255,0,255
Madhya Pradesh,14.2 - Industrial,2014,29,0,29,40,10,50,15,5,20,0,0,0,84,15,99
Madhya Pradesh,14.3 - Political,2014,19,0,19,35,0,35,8,0,8,0,0,0,62,0,62
Madhya Pradesh,14.4 - Caste Conflict,2014,553,2,555,394,2,396,150,0,150,23,0,23,1120,4,1124
Madhya Pradesh,14.4.1 - SC/STs Vs. Non-SCs/STs,2014,39,2,41,18,2,20,0,0,0,0,0,0,57,4,61
Madhya Pradesh,14.4.2 - Other Caste Riots,2014,514,0,514,376,0,376,150,0,150,23,0,23,1063,0,1063
Madhya Pradesh,14.5 - Agrarian,2014,60,4,64,76,1,77,17,0,17,4,0,4,157,5,162
Madhya Pradesh,14.6 - Students,2014,0,0,0,0,0,0,0,0,0,0,0,0,0,0,0
Madhya Pradesh,14.7 - Sectarian,2014,0,0,0,0,0,0,0,0,0,0,0,0,0,0,0
Madhya Pradesh,14.8 - Other Riots,2014,4336,139,4475,3990,224,4214,1752,94,1846,226,9,235,10304,466,10770
Madhya Pradesh,15 - Criminal Breach of Trust (Section 406 to 409 IPC),2014,259,3,262,393,9,402,143,4,147,6,0,6,801,16,817
Madhya Pradesh,16 - Cheating (Section 420 IPC),2014,772,16,788,1367,51,1418,630,18,648,41,2,43,2810,87,2897
Madhya Pradesh,"17 - Forgery (Section 465, 468 & 471 IPC)",2014,84,3,87,133,7,140,59,0,59,8,0,8,284,10,294
Madhya Pradesh,"18 - Counterfeiting (Section 231-235,237-240, 242-243, 255 and 489-A to 489-E IPC)",2014,31,1,32,27,1,28,3,0,3,0,0,0,61,2,63
Madhya Pradesh,"18.1 - Offences related to Counterfeit Coin (Section 231-235,237, 238-240 & 242-243 IPC)",2014,0,0,0,0,0,0,0,0,0,0,0,0,0,0,0
Madhya Pradesh,18.2 - Counterfeiting Government Stamp (Section 255 IPC),2014,0,0,0,0,0,0,0,0,0,0,0,0,0,0,0
Madhya Pradesh,18.3 - Counterfeit currency & Bank notes (Section 489-A to 489-E IPC),2014,31,1,32,27,1,28,3,0,3,0,0,0,61,2,63
Madhya Pradesh,18.3.1 - Counterfeiting currency notes or Bank notes (Section 489A IPC),2014,10,0,10,6,0,6,0,0,0,0,0,0,16,0,16
Madhya Pradesh,18.3.2 - Using forged or counterfeit currency/Bank notes (Section 489B IPC),2014,16,0,16,15,0,15,1,0,1,0,0,0,32,0,32
Madhya Pradesh,18.3.3 - Possession of forged or counterfeiting currency / Bank notes (Section 489C IPC),2014,3,0,3,0,0,0,0,0,0,0,0,0,3,0,3
Madhya Pradesh,18.3.4 - Make/Possess materials for forging or counterfeiting currency/Bank notes (Section 489D IPC),2014,2,0,2,6,0,6,2,0,2,0,0,0,10,0,10
Madhya Pradesh,18.3.5 - Make/Use documents resembling currency notes/Bank notes (Section 489 E IPC),2014,0,1,1,0,1,1,0,0,0,0,0,0,0,2,2
Madhya Pradesh,19 - Arson (Section 435-436 & 438 IPC),2014,563,12,575,581,22,603,147,0,147,11,0,11,1302,34,1336
Madhya Pradesh,"20 - Grievous Hurt (Section 325,326,326A & 326 B IPC)",2014,10707,484,11191,8322,423,8745,3255,134,3389,475,13,488,22759,1054,23813
Madhya Pradesh,20.1 - Grievous Hurt (Section 325 & 326 IPC),2014,10694,482,11176,8317,422,8739,3252,134,3386,475,13,488,22738,1051,23789
Madhya Pradesh,20.2 - Acid attack (Section 326A IPC),2014,11,2,13,5,1,6,1,0,1,0,0,0,17,3,20
Madhya Pradesh,20.3 - Attempt to Acid Attack (Section 326B IPC),2014,2,0,2,0,0,0,2,0,2,0,0,0,4,0,4
Madhya Pradesh,21 - Dowry Deaths (Section 304-B IPC),2014,601,135,736,463,201,664,314,185,499,61,42,103,1439,563,2002
Madhya Pradesh,22 - Assault on women with intent to outrage her Modesty (Section 354 IPC),2014,6934,26,6960,3717,26,3743,962,3,965,56,1,57,11669,56,11725
Madhya Pradesh,22.1 - Sexual Harassment (Section 354A IPC),2014,2568,4,2572,1346,8,1354,294,1,295,9,0,9,4217,13,4230
Madhya Pradesh,22.2 - Assault on women with intent to Disrobe (Section 354B IPC),2014,114,0,114,53,2,55,3,0,3,0,0,0,170,2,172
Madhya Pradesh,22.3 - Voyeurism (Section 354C IPC),2014,74,0,74,24,0,24,4,0,4,0,0,0,102,0,102
Madhya Pradesh,22.4 - Stalking (Section 354D IPC),2014,286,1,287,117,0,117,19,0,19,0,0,0,422,1,423
Madhya Pradesh,22.5 - Others,2014,3892,21,3913,2177,16,2193,642,2,644,47,1,48,6758,40,6798
Madhya Pradesh,23 - Insult to the Modesty of Women (Section 509 IPC),2014,402,2,404,178,1,179,21,0,21,4,0,4,605,3,608
Madhya Pradesh,23.1 - At Office premises,2014,0,0,0,0,0,0,1,0,1,0,0,0,1,0,1
Madhya Pradesh,23.2 - Places related to work other than Office,2014,22,0,22,27,0,27,0,0,0,0,0,0,49,0,49
Madhya Pradesh,23.3 - In Public Transport system,2014,2,0,2,0,0,0,1,0,1,0,0,0,3,0,3
Madhya Pradesh,23.4 - in Other Places,2014,378,2,380,151,1,152,19,0,19,4,0,4,552,3,555
Madhya Pradesh,24 - Cruelty by Husband or his Relatives (Section 498-A IPC),2014,4857,925,5782,4308,1364,5672,2410,1199,3609,470,246,716,12045,3734,15779
Madhya Pradesh,25 - Importation of Girls from Foreign Country (Section 366-B IPC),2014,5,0,5,3,0,3,0,0,0,0,0,0,8,0,8
Madhya Pradesh,26 - Causing Death by Negligence (Section 304-A IPC),2014,3603,4,3607,3022,0,3022,1067,1,1068,30,0,30,7722,5,7727
Madhya Pradesh,26.1 - Deaths due to negligent driving/act,2014,3324,4,3328,2635,0,2635,991,0,991,24,0,24,6974,4,6978
Madhya Pradesh,26.2 - Deaths due to Other Causes,2014,279,0,279,387,0,387,76,1,77,6,0,6,748,1,749
Madhya Pradesh,"27 - Offences against State (Section 121, 121A, 122, 123, 124-A IPC)",2014,0,0,0,0,0,0,0,0,0,0,0,0,0,0,0
Madhya Pradesh,27.1 - Sedition (Section 124A IPC),2014,0,0,0,0,0,0,0,0,0,0,0,0,0,0,0
Madhya Pradesh,27.2 - Other offences against State,2014,0,0,0,0,0,0,0,0,0,0,0,0,0,0,0
Madhya Pradesh,28 - Offences promoting enmity between different groups (Section 153A & 153B IPC),2014,4,0,4,6,0,6,0,0,0,0,0,0,10,0,10
Madhya Pradesh,28.1 - Promoting enmity on ground of religion race and place of Birth (Section 153A IPC),2014,2,0,2,4,0,4,0,0,0,0,0,0,6,0,6
Madhya Pradesh,28.2 - Imputation & assertions prejudicial to national integration (Section 153B IPC),2014,2,0,2,2,0,2,0,0,0,0,0,0,4,0,4
Madhya Pradesh,29 - Extortion (Section 384 - 389 IPC),2014,73,0,73,59,0,59,17,0,17,0,0,0,149,0,149
Madhya Pradesh,30 - Disclosure of Identity of Victims (Section 228 A IPC),2014,0,0,0,0,0,0,0,0,0,0,0,0,0,0,0
Madhya Pradesh,31 - Incidence of Rash Driving (Section 279 IPC Read with 337 & 338),2014,14744,84,14828,14180,29,14209,5487,1,5488,412,0,412,34823,114,34937
Madhya Pradesh,32 - Human Trafficking (Section 370 & 370A IPC),2014,61,9,70,49,10,59,2,2,4,1,0,1,113,21,134
Madhya Pradesh,33 - Unnatural Offences U/s 377 IPC,2014,83,0,83,27,0,27,6,0,6,0,0,0,116,0,116
Madhya Pradesh,34 - Other IPC crimes,2014,98347,4816,103163,79714,5681,85395,33602,2027,35629,3842,361,4203,215505,12885,228390
Madhya Pradesh,35 - Total Cognizable IPC crimes,2014,172258,7064,179322,138097,8552,146649,55239,3846,59085,6025,694,6719,371619,20156,391775
Maharashtra,1 - Murder (Section 302 IPC),2014,2332,158,2490,1789,254,2043,765,131,896,133,30,163,5019,573,5592
Maharashtra,2 - Attempt to commit Murder (Section 307 IPC),2014,3715,189,3904,2613,262,2875,1269,134,1403,217,26,243,7814,611,8425
Maharashtra,3 - Culpable Homicide not amounting to Murder (Section 304 IPC),2014,80,5,85,141,9,150,43,6,49,7,1,8,271,21,292
Maharashtra,4 - Attempt to commit Culpable Homicide (Section 308 IPC),2014,5,6,11,15,4,19,3,1,4,0,0,0,23,11,34
Maharashtra,5 - Rape (Section 376 IPC),2014,2483,65,2548,1192,120,1312,363,47,410,59,12,71,4097,244,4341
Maharashtra,5.1 - Custodial Rape,2014,0,0,0,0,0,0,0,0,0,0,0,0,0,0,0
Maharashtra,5.1.1 - Gang Rape,2014,0,0,0,0,0,0,0,0,0,0,0,0,0,0,0
Maharashtra,5.1.2 - Other Rape,2014,0,0,0,0,0,0,0,0,0,0,0,0,0,0,0
Maharashtra,5.2 - Rape other than Custodial,2014,2483,65,2548,1192,120,1312,363,47,410,59,12,71,4097,244,4341
Maharashtra,5.2.1 - Gang Rape,2014,232,0,232,84,0,84,24,5,29,2,0,2,342,5,347
Maharashtra,5.2.2 - Other Rape,2014,2251,65,2316,1108,120,1228,339,42,381,57,12,69,3755,239,3994
Maharashtra,6 - Attempt to commit Rape (Section 376/511 IPC),2014,11,2,13,5,0,5,1,0,1,0,0,0,17,2,19
Maharashtra,"7 - Kidnapping & Abduction_Total (Section 3,364,364A, 366-369 IPC)",2014,1753,103,1856,902,155,1057,246,53,299,29,4,33,2930,315,3245
Maharashtra,7.1 - Kidnapping & Abduction (Section 363 IPC),2014,702,48,750,304,59,363,79,10,89,11,2,13,1096,119,1215
Maharashtra,7.2 - Kidnaping & Abduction in order to Murder (Section 364 IPC),2014,12,2,14,10,0,10,2,0,2,0,0,0,24,2,26
Maharashtra,7.3 - Kidnapping for Ransom (Section 364A IPC),2014,26,1,27,38,0,38,3,0,3,2,0,2,69,1,70
Maharashtra,7.4 - Kidnapping & Abduction of Women to compel her for marriage (Section 366 IPC),2014,588,32,620,323,67,390,110,36,146,9,0,9,1030,135,1165
Maharashtra,7.5 - Other Kidnapping,2014,425,20,445,227,29,256,52,7,59,7,2,9,711,58,769
Maharashtra,"8 - Dacoity (Section 395,396-398 IPC)",2014,2244,32,2276,1424,73,1497,463,21,484,50,9,59,4181,135,4316
Maharashtra,8.1 - Dacoity with Murder (Section 396 IPC),2014,40,1,41,15,2,17,2,0,2,0,1,1,57,4,61
Maharashtra,8.2 - Other Dacoity,2014,2204,31,2235,1409,71,1480,461,21,482,50,8,58,4124,131,4255
Maharashtra,9 - Making Preparation and Assembly for committing Dacoity (Section 399 & 402 IPC),2014,989,4,993,340,4,344,52,0,52,1,0,1,1382,8,1390
Maharashtra,"10 - Robbery (Section 392 to 394, 397 and 398 IPC)",2014,6602,97,6699,2274,87,2361,597,30,627,33,4,37,9506,218,9724
Maharashtra,11 - Criminal Trespass/Burglary_Total (Section 453 to 460 IPC),2014,6519,131,6650,3006,147,3153,906,72,978,43,0,43,10474,350,10824
Maharashtra,"11.1 - Criminal Trespass/Burglary (Section 455, 457 & 458 IPC)",2014,4684,85,4769,2131,104,2235,707,58,765,33,0,33,7555,247,7802
Maharashtra,"11.2 - House Trespass & House Breaking (Section 453,454,456,459 & 460 IPC)",2014,1835,46,1881,875,43,918,199,14,213,10,0,10,2919,103,3022
Maharashtra,12 - Theft (Section 379 to 382 IPC),2014,18051,573,18624,8757,556,9313,2549,193,2742,211,28,239,29568,1350,30918
Maharashtra,12.1 - Auto Theft,2014,4792,12,4804,1929,21,1950,326,6,332,14,0,14,7061,39,7100
Maharashtra,12.2 - Other Thefts,2014,13259,561,13820,6828,535,7363,2223,187,2410,197,28,225,22507,1311,23818
Maharashtra,"13 - Unlawful Assembly (Section 143,144 & 145)",2014,2781,314,3095,2663,370,3033,1278,214,1492,185,21,206,6907,919,7826
Maharashtra,"14 - Riots (Section 147, 148, 149, 150 & 151 IPC)",2014,19437,1441,20878,14979,2084,17063,6889,893,7782,1288,215,1503,42593,4633,47226
Maharashtra,14.1 - Communal,2014,396,4,400,311,6,317,126,1,127,12,0,12,845,11,856
Maharashtra,14.2 - Industrial,2014,27,0,27,5,0,5,0,0,0,0,0,0,32,0,32
Maharashtra,14.3 - Political,2014,420,29,449,407,47,454,140,8,148,10,1,11,977,85,1062
Maharashtra,14.4 - Caste Conflict,2014,677,8,685,1005,125,1130,577,8,585,14,0,14,2273,141,2414
Maharashtra,14.4.1 - SC/STs Vs. Non-SCs/STs,2014,309,8,317,395,28,423,140,8,148,13,0,13,857,44,901
Maharashtra,14.4.2 - Other Caste Riots,2014,368,0,368,610,97,707,437,0,437,1,0,1,1416,97,1513
Maharashtra,14.5 - Agrarian,2014,198,14,212,137,17,154,83,11,94,11,0,11,429,42,471
Maharashtra,14.6 - Students,2014,31,0,31,5,0,5,1,0,1,0,0,0,37,0,37
Maharashtra,14.7 - Sectarian,2014,0,0,0,0,0,0,0,0,0,0,0,0,0,0,0
Maharashtra,14.8 - Other Riots,2014,17688,1386,19074,13109,1889,14998,5962,865,6827,1241,214,1455,38000,4354,42354
Maharashtra,15 - Criminal Breach of Trust (Section 406 to 409 IPC),2014,799,30,829,1152,52,1204,382,21,403,42,2,44,2375,105,2480
Maharashtra,16 - Cheating (Section 420 IPC),2014,2968,163,3131,4667,364,5031,1981,154,2135,305,34,339,9921,715,10636
Maharashtra,"17 - Forgery (Section 465, 468 & 471 IPC)",2014,355,21,376,461,37,498,247,10,257,60,1,61,1123,69,1192
Maharashtra,"18 - Counterfeiting (Section 231-235,237-240, 242-243, 255 and 489-A to 489-E IPC)",2014,126,5,131,73,7,80,13,0,13,1,0,1,213,12,225
Maharashtra,"18.1 - Offences related to Counterfeit Coin (Section 231-235,237, 238-240 & 242-243 IPC)",2014,0,0,0,0,0,0,0,0,0,0,0,0,0,0,0
Maharashtra,18.2 - Counterfeiting Government Stamp (Section 255 IPC),2014,0,0,0,0,0,0,0,0,0,0,0,0,0,0,0
Maharashtra,18.3 - Counterfeit currency & Bank notes (Section 489-A to 489-E IPC),2014,126,5,131,73,7,80,13,0,13,1,0,1,213,12,225
Maharashtra,18.3.1 - Counterfeiting currency notes or Bank notes (Section 489A IPC),2014,71,2,73,47,5,52,12,0,12,1,0,1,131,7,138
Maharashtra,18.3.2 - Using forged or counterfeit currency/Bank notes (Section 489B IPC),2014,41,2,43,18,2,20,1,0,1,0,0,0,60,4,64
Maharashtra,18.3.3 - Possession of forged or counterfeiting currency / Bank notes (Section 489C IPC),2014,14,1,15,8,0,8,0,0,0,0,0,0,22,1,23
Maharashtra,18.3.4 - Make/Possess materials for forging or counterfeiting currency/Bank notes (Section 489D IPC),2014,0,0,0,0,0,0,0,0,0,0,0,0,0,0,0
Maharashtra,18.3.5 - Make/Use documents resembling currency notes/Bank notes (Section 489 E IPC),2014,0,0,0,0,0,0,0,0,0,0,0,0,0,0,0
Maharashtra,19 - Arson (Section 435-436 & 438 IPC),2014,459,13,472,524,21,545,185,5,190,24,2,26,1192,41,1233
Maharashtra,"20 - Grievous Hurt (Section 325,326,326A & 326 B IPC)",2014,7446,530,7976,5425,598,6023,1998,241,2239,325,33,358,15194,1402,16596
Maharashtra,20.1 - Grievous Hurt (Section 325 & 326 IPC),2014,7443,530,7973,5424,598,6022,1998,241,2239,325,33,358,15190,1402,16592
Maharashtra,20.2 - Acid attack (Section 326A IPC),2014,3,0,3,1,0,1,0,0,0,0,0,0,4,0,4
Maharashtra,20.3 - Attempt to Acid Attack (Section 326B IPC),2014,0,0,0,0,0,0,0,0,0,0,0,0,0,0,0
Maharashtra,21 - Dowry Deaths (Section 304-B IPC),2014,260,65,325,228,114,342,116,92,208,30,29,59,634,300,934
Maharashtra,22 - Assault on women with intent to outrage her Modesty (Section 354 IPC),2014,6285,137,6422,4004,226,4230,1240,74,1314,163,21,184,11692,458,12150
Maharashtra,22.1 - Sexual Harassment (Section 354A IPC),2014,2542,49,2591,1431,64,1495,462,33,495,74,6,80,4509,152,4661
Maharashtra,22.2 - Assault on women with intent to Disrobe (Section 354B IPC),2014,266,3,269,108,15,123,32,2,34,5,1,6,411,21,432
Maharashtra,22.3 - Voyeurism (Section 354C IPC),2014,61,1,62,30,3,33,7,0,7,1,0,1,99,4,103
Maharashtra,22.4 - Stalking (Section 354D IPC),2014,524,7,531,228,3,231,61,1,62,4,0,4,817,11,828
Maharashtra,22.5 - Others,2014,2892,77,2969,2207,141,2348,678,38,716,79,14,93,5856,270,6126
Maharashtra,23 - Insult to the Modesty of Women (Section 509 IPC),2014,1025,45,1070,579,46,625,155,12,167,22,3,25,1781,106,1887
Maharashtra,23.1 - At Office premises,2014,8,0,8,1,0,1,2,0,2,0,0,0,11,0,11
Maharashtra,23.2 - Places related to work other than Office,2014,24,1,25,13,0,13,5,1,6,1,0,1,43,2,45
Maharashtra,23.3 - In Public Transport system,2014,7,0,7,3,0,3,0,0,0,0,0,0,10,0,10
Maharashtra,23.4 - in Other Places,2014,986,44,1030,562,46,608,148,11,159,21,3,24,1717,104,1821
Maharashtra,24 - Cruelty by Husband or his Relatives (Section 498-A IPC),2014,5742,2369,8111,5741,3302,9043,3050,2647,5697,1226,616,1842,15759,8934,24693
Maharashtra,25 - Importation of Girls from Foreign Country (Section 366-B IPC),2014,1,0,1,0,0,0,1,0,1,0,0,0,2,0,2
Maharashtra,26 - Causing Death by Negligence (Section 304-A IPC),2014,4051,12,4063,3972,15,3987,1473,4,1477,108,0,108,9604,31,9635
Maharashtra,26.1 - Deaths due to negligent driving/act,2014,3823,7,3830,3632,10,3642,1358,1,1359,97,0,97,8910,18,8928
Maharashtra,26.2 - Deaths due to Other Causes,2014,228,5,233,340,5,345,115,3,118,11,0,11,694,13,707
Maharashtra,"27 - Offences against State (Section 121, 121A, 122, 123, 124-A IPC)",2014,0,0,0,0,0,0,0,0,0,0,0,0,0,0,0
Maharashtra,27.1 - Sedition (Section 124A IPC),2014,0,0,0,0,0,0,0,0,0,0,0,0,0,0,0
Maharashtra,27.2 - Other offences against State,2014,0,0,0,0,0,0,0,0,0,0,0,0,0,0,0
Maharashtra,28 - Offences promoting enmity between different groups (Section 153A & 153B IPC),2014,32,0,32,76,0,76,80,0,80,15,1,16,203,1,204
Maharashtra,28.1 - Promoting enmity on ground of religion race and place of Birth (Section 153A IPC),2014,32,0,32,75,0,75,80,0,80,15,1,16,202,1,203
Maharashtra,28.2 - Imputation & assertions prejudicial to national integration (Section 153B IPC),2014,0,0,0,1,0,1,0,0,0,0,0,0,1,0,1
Maharashtra,29 - Extortion (Section 384 - 389 IPC),2014,542,8,550,464,25,489,86,6,92,10,0,10,1102,39,1141
Maharashtra,30 - Disclosure of Identity of Victims (Section 228 A IPC),2014,0,0,0,0,0,0,0,0,0,0,0,0,0,0,0
Maharashtra,31 - Incidence of Rash Driving (Section 279 IPC Read with 337 & 338),2014,11750,67,11817,8637,80,8717,3152,21,3173,177,2,179,23716,170,23886
Maharashtra,32 - Human Trafficking (Section 370 & 370A IPC),2014,89,28,117,100,34,134,34,10,44,2,1,3,225,73,298
Maharashtra,33 - Unnatural Offences U/s 377 IPC,2014,51,0,51,26,0,26,4,0,4,1,0,1,82,0,82
Maharashtra,34 - Other IPC crimes,2014,37625,3509,41134,29256,3108,32364,12533,1576,14109,1977,331,2308,81391,8524,89915
Maharashtra,35 - Total Cognizable IPC crimes,2014,146608,10122,156730,105485,12154,117639,42154,6668,48822,6744,1426,8170,300991,30370,331361
Manipur,1 - Murder (Section 302 IPC),2014,16,0,16,23,3,26,9,2,11,1,0,1,49,5,54
Manipur,2 - Attempt to commit Murder (Section 307 IPC),2014,62,0,62,39,8,47,11,4,15,3,0,3,115,12,127
Manipur,3 - Culpable Homicide not amounting to Murder (Section 304 IPC),2014,0,0,0,1,0,1,0,0,0,0,0,0,1,0,1
Manipur,4 - Attempt to commit Culpable Homicide (Section 308 IPC),2014,0,0,0,0,0,0,0,0,0,0,0,0,0,0,0
Manipur,5 - Rape (Section 376 IPC),2014,28,3,31,19,3,22,8,3,11,2,1,3,57,10,67
Manipur,5.1 - Custodial Rape,2014,0,0,0,0,0,0,0,0,0,0,0,0,0,0,0
Manipur,5.1.1 - Gang Rape,2014,0,0,0,0,0,0,0,0,0,0,0,0,0,0,0
Manipur,5.1.2 - Other Rape,2014,0,0,0,0,0,0,0,0,0,0,0,0,0,0,0
Manipur,5.2 - Rape other than Custodial,2014,28,3,31,19,3,22,8,3,11,2,1,3,57,10,67
Manipur,5.2.1 - Gang Rape,2014,0,0,0,0,0,0,0,0,0,0,0,0,0,0,0
Manipur,5.2.2 - Other Rape,2014,28,3,31,19,3,22,8,3,11,2,1,3,57,10,67
Manipur,6 - Attempt to commit Rape (Section 376/511 IPC),2014,0,0,0,0,0,0,0,0,0,0,0,0,0,0,0
Manipur,"7 - Kidnapping & Abduction_Total (Section 3,364,364A, 366-369 IPC)",2014,45,3,48,30,6,36,7,1,8,0,0,0,82,10,92
Manipur,7.1 - Kidnapping & Abduction (Section 363 IPC),2014,1,0,1,0,0,0,0,0,0,0,0,0,1,0,1
Manipur,7.2 - Kidnaping & Abduction in order to Murder (Section 364 IPC),2014,0,0,0,0,0,0,0,0,0,0,0,0,0,0,0
Manipur,7.3 - Kidnapping for Ransom (Section 364A IPC),2014,6,0,6,4,1,5,0,0,0,0,0,0,10,1,11
Manipur,7.4 - Kidnapping & Abduction of Women to compel her for marriage (Section 366 IPC),2014,34,3,37,17,4,21,6,1,7,0,0,0,57,8,65
Manipur,7.5 - Other Kidnapping,2014,4,0,4,9,1,10,1,0,1,0,0,0,14,1,15
Manipur,"8 - Dacoity (Section 395,396-398 IPC)",2014,0,0,0,0,0,0,0,0,0,0,0,0,0,0,0
Manipur,8.1 - Dacoity with Murder (Section 396 IPC),2014,0,0,0,0,0,0,0,0,0,0,0,0,0,0,0
Manipur,8.2 - Other Dacoity,2014,0,0,0,0,0,0,0,0,0,0,0,0,0,0,0
Manipur,9 - Making Preparation and Assembly for committing Dacoity (Section 399 & 402 IPC),2014,0,0,0,0,0,0,0,0,0,0,0,0,0,0,0
Manipur,"10 - Robbery (Section 392 to 394, 397 and 398 IPC)",2014,2,0,2,5,0,5,0,0,0,0,0,0,7,0,7
Manipur,11 - Criminal Trespass/Burglary_Total (Section 453 to 460 IPC),2014,3,0,3,12,0,12,1,0,1,0,0,0,16,0,16
Manipur,"11.1 - Criminal Trespass/Burglary (Section 455, 457 & 458 IPC)",2014,2,0,2,10,0,10,0,0,0,0,0,0,12,0,12
Manipur,"11.2 - House Trespass & House Breaking (Section 453,454,456,459 & 460 IPC)",2014,1,0,1,2,0,2,1,0,1,0,0,0,4,0,4
Manipur,12 - Theft (Section 379 to 382 IPC),2014,97,4,101,88,2,90,49,0,49,0,0,0,234,6,240
Manipur,12.1 - Auto Theft,2014,67,1,68,63,1,64,35,0,35,0,0,0,165,2,167
Manipur,12.2 - Other Thefts,2014,30,3,33,25,1,26,14,0,14,0,0,0,69,4,73
Manipur,"13 - Unlawful Assembly (Section 143,144 & 145)",2014,0,0,0,0,0,0,0,0,0,0,0,0,0,0,0
Manipur,"14 - Riots (Section 147, 148, 149, 150 & 151 IPC)",2014,39,10,49,14,2,16,4,11,15,0,19,19,57,42,99
Manipur,14.1 - Communal,2014,0,0,0,2,0,2,0,0,0,0,0,0,2,0,2
Manipur,14.2 - Industrial,2014,0,0,0,0,0,0,0,0,0,0,0,0,0,0,0
Manipur,14.3 - Political,2014,0,0,0,0,0,0,0,0,0,0,0,0,0,0,0
Manipur,14.4 - Caste Conflict,2014,0,0,0,0,0,0,0,0,0,0,0,0,0,0,0
Manipur,14.4.1 - SC/STs Vs. Non-SCs/STs,2014,0,0,0,0,0,0,0,0,0,0,0,0,0,0,0
Manipur,14.4.2 - Other Caste Riots,2014,0,0,0,0,0,0,0,0,0,0,0,0,0,0,0
Manipur,14.5 - Agrarian,2014,0,0,0,0,0,0,0,0,0,0,0,0,0,0,0
Manipur,14.6 - Students,2014,5,2,7,0,0,0,0,0,0,0,0,0,5,2,7
Manipur,14.7 - Sectarian,2014,0,0,0,0,0,0,0,0,0,0,0,0,0,0,0
Manipur,14.8 - Other Riots,2014,34,8,42,12,2,14,4,11,15,0,19,19,50,40,90
Manipur,15 - Criminal Breach of Trust (Section 406 to 409 IPC),2014,3,1,4,8,1,9,3,0,3,0,0,0,14,2,16
Manipur,16 - Cheating (Section 420 IPC),2014,14,0,14,18,6,24,5,0,5,0,0,0,37,6,43
Manipur,"17 - Forgery (Section 465, 468 & 471 IPC)",2014,5,0,5,15,0,15,1,0,1,0,0,0,21,0,21
Manipur,"18 - Counterfeiting (Section 231-235,237-240, 242-243, 255 and 489-A to 489-E IPC)",2014,0,0,0,5,0,5,0,0,0,0,0,0,5,0,5
Manipur,"18.1 - Offences related to Counterfeit Coin (Section 231-235,237, 238-240 & 242-243 IPC)",2014,0,0,0,0,0,0,0,0,0,0,0,0,0,0,0
Manipur,18.2 - Counterfeiting Government Stamp (Section 255 IPC),2014,0,0,0,0,0,0,0,0,0,0,0,0,0,0,0
Manipur,18.3 - Counterfeit currency & Bank notes (Section 489-A to 489-E IPC),2014,0,0,0,5,0,5,0,0,0,0,0,0,5,0,5
Manipur,18.3.1 - Counterfeiting currency notes or Bank notes (Section 489A IPC),2014,0,0,0,0,0,0,0,0,0,0,0,0,0,0,0
Manipur,18.3.2 - Using forged or counterfeit currency/Bank notes (Section 489B IPC),2014,0,0,0,2,0,2,0,0,0,0,0,0,2,0,2
Manipur,18.3.3 - Possession of forged or counterfeiting currency / Bank notes (Section 489C IPC),2014,0,0,0,3,0,3,0,0,0,0,0,0,3,0,3
Manipur,18.3.4 - Make/Possess materials for forging or counterfeiting currency/Bank notes (Section 489D IPC),2014,0,0,0,0,0,0,0,0,0,0,0,0,0,0,0
Manipur,18.3.5 - Make/Use documents resembling currency notes/Bank notes (Section 489 E IPC),2014,0,0,0,0,0,0,0,0,0,0,0,0,0,0,0
Manipur,19 - Arson (Section 435-436 & 438 IPC),2014,8,0,8,3,0,3,0,0,0,1,0,1,12,0,12
Manipur,"20 - Grievous Hurt (Section 325,326,326A & 326 B IPC)",2014,48,4,52,55,3,58,17,1,18,2,3,5,122,11,133
Manipur,20.1 - Grievous Hurt (Section 325 & 326 IPC),2014,48,4,52,55,3,58,17,1,18,2,3,5,122,11,133
Manipur,20.2 - Acid attack (Section 326A IPC),2014,0,0,0,0,0,0,0,0,0,0,0,0,0,0,0
Manipur,20.3 - Attempt to Acid Attack (Section 326B IPC),2014,0,0,0,0,0,0,0,0,0,0,0,0,0,0,0
Manipur,21 - Dowry Deaths (Section 304-B IPC),2014,0,0,0,1,0,1,0,0,0,0,0,0,1,0,1
Manipur,22 - Assault on women with intent to outrage her Modesty (Section 354 IPC),2014,20,2,22,20,0,20,4,1,5,0,0,0,44,3,47
Manipur,22.1 - Sexual Harassment (Section 354A IPC),2014,1,0,1,2,0,2,0,0,0,0,0,0,3,0,3
Manipur,22.2 - Assault on women with intent to Disrobe (Section 354B IPC),2014,0,0,0,0,0,0,0,0,0,0,0,0,0,0,0
Manipur,22.3 - Voyeurism (Section 354C IPC),2014,0,0,0,0,0,0,0,0,0,0,0,0,0,0,0
Manipur,22.4 - Stalking (Section 354D IPC),2014,0,0,0,0,0,0,0,0,0,0,0,0,0,0,0
Manipur,22.5 - Others,2014,19,2,21,18,0,18,4,1,5,0,0,0,41,3,44
Manipur,23 - Insult to the Modesty of Women (Section 509 IPC),2014,0,0,0,0,0,0,0,0,0,0,0,0,0,0,0
Manipur,23.1 - At Office premises,2014,0,0,0,0,0,0,0,0,0,0,0,0,0,0,0
Manipur,23.2 - Places related to work other than Office,2014,0,0,0,0,0,0,0,0,0,0,0,0,0,0,0
Manipur,23.3 - In Public Transport system,2014,0,0,0,0,0,0,0,0,0,0,0,0,0,0,0
Manipur,23.4 - in Other Places,2014,0,0,0,0,0,0,0,0,0,0,0,0,0,0,0
Manipur,24 - Cruelty by Husband or his Relatives (Section 498-A IPC),2014,3,0,3,9,0,9,5,1,6,0,0,0,17,1,18
Manipur,25 - Importation of Girls from Foreign Country (Section 366-B IPC),2014,0,0,0,0,0,0,0,0,0,0,0,0,0,0,0
Manipur,26 - Causing Death by Negligence (Section 304-A IPC),2014,12,0,12,44,0,44,24,0,24,3,2,5,83,2,85
Manipur,26.1 - Deaths due to negligent driving/act,2014,11,0,11,44,0,44,24,0,24,3,2,5,82,2,84
Manipur,26.2 - Deaths due to Other Causes,2014,1,0,1,0,0,0,0,0,0,0,0,0,1,0,1
Manipur,"27 - Offences against State (Section 121, 121A, 122, 123, 124-A IPC)",2014,2,0,2,5,0,5,1,0,1,0,0,0,8,0,8
Manipur,27.1 - Sedition (Section 124A IPC),2014,0,0,0,0,0,0,0,0,0,0,0,0,0,0,0
Manipur,27.2 - Other offences against State,2014,2,0,2,5,0,5,1,0,1,0,0,0,8,0,8
Manipur,28 - Offences promoting enmity between different groups (Section 153A & 153B IPC),2014,0,0,0,0,0,0,0,0,0,0,0,0,0,0,0
Manipur,28.1 - Promoting enmity on ground of religion race and place of Birth (Section 153A IPC),2014,0,0,0,0,0,0,0,0,0,0,0,0,0,0,0
Manipur,28.2 - Imputation & assertions prejudicial to national integration (Section 153B IPC),2014,0,0,0,0,0,0,0,0,0,0,0,0,0,0,0
Manipur,29 - Extortion (Section 384 - 389 IPC),2014,20,0,20,24,1,25,5,0,5,0,0,0,49,1,50
Manipur,30 - Disclosure of Identity of Victims (Section 228 A IPC),2014,0,0,0,0,0,0,0,0,0,0,0,0,0,0,0
Manipur,31 - Incidence of Rash Driving (Section 279 IPC Read with 337 & 338),2014,39,1,40,74,0,74,64,0,64,3,0,3,180,1,181
Manipur,32 - Human Trafficking (Section 370 & 370A IPC),2014,0,0,0,1,0,1,0,0,0,0,0,0,1,0,1
Manipur,33 - Unnatural Offences U/s 377 IPC,2014,0,0,0,0,0,0,0,0,0,0,0,0,0,0,0
Manipur,34 - Other IPC crimes,2014,97,10,107,149,10,159,102,5,107,14,1,15,362,26,388
Manipur,35 - Total Cognizable IPC crimes,2014,563,38,601,662,45,707,320,29,349,29,26,55,1574,138,1712
Meghalaya,1 - Murder (Section 302 IPC),2014,115,1,116,47,2,49,27,0,27,0,0,0,189,3,192
Meghalaya,2 - Attempt to commit Murder (Section 307 IPC),2014,53,1,54,49,0,49,2,1,3,0,0,0,104,2,106
Meghalaya,3 - Culpable Homicide not amounting to Murder (Section 304 IPC),2014,5,0,5,3,0,3,3,0,3,0,0,0,11,0,11
Meghalaya,4 - Attempt to commit Culpable Homicide (Section 308 IPC),2014,0,0,0,0,0,0,0,0,0,0,0,0,0,0,0
Meghalaya,5 - Rape (Section 376 IPC),2014,83,0,83,53,0,53,11,1,12,3,0,3,150,1,151
Meghalaya,5.1 - Custodial Rape,2014,0,0,0,0,0,0,0,0,0,0,0,0,0,0,0
Meghalaya,5.1.1 - Gang Rape,2014,0,0,0,0,0,0,0,0,0,0,0,0,0,0,0
Meghalaya,5.1.2 - Other Rape,2014,0,0,0,0,0,0,0,0,0,0,0,0,0,0,0
Meghalaya,5.2 - Rape other than Custodial,2014,83,0,83,53,0,53,11,1,12,3,0,3,150,1,151
Meghalaya,5.2.1 - Gang Rape,2014,3,0,3,3,0,3,0,0,0,0,0,0,6,0,6
Meghalaya,5.2.2 - Other Rape,2014,80,0,80,50,0,50,11,1,12,3,0,3,144,1,145
Meghalaya,6 - Attempt to commit Rape (Section 376/511 IPC),2014,12,0,12,7,0,7,1,0,1,0,0,0,20,0,20
Meghalaya,"7 - Kidnapping & Abduction_Total (Section 3,364,364A, 366-369 IPC)",2014,106,6,112,46,2,48,1,0,1,1,0,1,154,8,162
Meghalaya,7.1 - Kidnapping & Abduction (Section 363 IPC),2014,13,1,14,10,1,11,0,0,0,0,0,0,23,2,25
Meghalaya,7.2 - Kidnaping & Abduction in order to Murder (Section 364 IPC),2014,0,0,0,1,0,1,0,0,0,0,0,0,1,0,1
Meghalaya,7.3 - Kidnapping for Ransom (Section 364A IPC),2014,29,2,31,6,0,6,0,0,0,0,0,0,35,2,37
Meghalaya,7.4 - Kidnapping & Abduction of Women to compel her for marriage (Section 366 IPC),2014,2,0,2,2,1,3,0,0,0,0,0,0,4,1,5
Meghalaya,7.5 - Other Kidnapping,2014,62,3,65,27,0,27,1,0,1,1,0,1,91,3,94
Meghalaya,"8 - Dacoity (Section 395,396-398 IPC)",2014,33,0,33,29,0,29,5,0,5,0,0,0,67,0,67
Meghalaya,8.1 - Dacoity with Murder (Section 396 IPC),2014,0,0,0,0,0,0,0,0,0,0,0,0,0,0,0
Meghalaya,8.2 - Other Dacoity,2014,33,0,33,29,0,29,5,0,5,0,0,0,67,0,67
Meghalaya,9 - Making Preparation and Assembly for committing Dacoity (Section 399 & 402 IPC),2014,0,0,0,0,0,0,0,0,0,0,0,0,0,0,0
Meghalaya,"10 - Robbery (Section 392 to 394, 397 and 398 IPC)",2014,67,0,67,22,0,22,2,0,2,0,0,0,91,0,91
Meghalaya,11 - Criminal Trespass/Burglary_Total (Section 453 to 460 IPC),2014,60,0,60,15,0,15,2,0,2,0,0,0,77,0,77
Meghalaya,"11.1 - Criminal Trespass/Burglary (Section 455, 457 & 458 IPC)",2014,30,0,30,10,0,10,2,0,2,0,0,0,42,0,42
Meghalaya,"11.2 - House Trespass & House Breaking (Section 453,454,456,459 & 460 IPC)",2014,30,0,30,5,0,5,0,0,0,0,0,0,35,0,35
Meghalaya,12 - Theft (Section 379 to 382 IPC),2014,334,2,336,157,4,161,23,0,23,0,0,0,514,6,520
Meghalaya,12.1 - Auto Theft,2014,40,2,42,37,2,39,12,0,12,0,0,0,89,4,93
Meghalaya,12.2 - Other Thefts,2014,294,0,294,120,2,122,11,0,11,0,0,0,425,2,427
Meghalaya,"13 - Unlawful Assembly (Section 143,144 & 145)",2014,0,0,0,0,0,0,0,0,0,0,0,0,0,0,0
Meghalaya,"14 - Riots (Section 147, 148, 149, 150 & 151 IPC)",2014,3,0,3,1,0,1,0,0,0,0,0,0,4,0,4
Meghalaya,14.1 - Communal,2014,0,0,0,0,0,0,0,0,0,0,0,0,0,0,0
Meghalaya,14.2 - Industrial,2014,0,0,0,0,0,0,0,0,0,0,0,0,0,0,0
Meghalaya,14.3 - Political,2014,0,0,0,0,0,0,0,0,0,0,0,0,0,0,0
Meghalaya,14.4 - Caste Conflict,2014,0,0,0,0,0,0,0,0,0,0,0,0,0,0,0
Meghalaya,14.4.1 - SC/STs Vs. Non-SCs/STs,2014,0,0,0,0,0,0,0,0,0,0,0,0,0,0,0
Meghalaya,14.4.2 - Other Caste Riots,2014,0,0,0,0,0,0,0,0,0,0,0,0,0,0,0
Meghalaya,14.5 - Agrarian,2014,0,0,0,0,0,0,0,0,0,0,0,0,0,0,0
Meghalaya,14.6 - Students,2014,0,0,0,0,0,0,0,0,0,0,0,0,0,0,0
Meghalaya,14.7 - Sectarian,2014,0,0,0,0,0,0,0,0,0,0,0,0,0,0,0
Meghalaya,14.8 - Other Riots,2014,3,0,3,1,0,1,0,0,0,0,0,0,4,0,4
Meghalaya,15 - Criminal Breach of Trust (Section 406 to 409 IPC),2014,9,1,10,18,0,18,7,0,7,0,0,0,34,1,35
Meghalaya,16 - Cheating (Section 420 IPC),2014,38,4,42,53,2,55,11,2,13,0,0,0,102,8,110
Meghalaya,"17 - Forgery (Section 465, 468 & 471 IPC)",2014,8,0,8,12,0,12,5,0,5,0,0,0,25,0,25
Meghalaya,"18 - Counterfeiting (Section 231-235,237-240, 242-243, 255 and 489-A to 489-E IPC)",2014,3,0,3,10,0,10,1,0,1,0,0,0,14,0,14
Meghalaya,"18.1 - Offences related to Counterfeit Coin (Section 231-235,237, 238-240 & 242-243 IPC)",2014,0,0,0,0,0,0,0,0,0,0,0,0,0,0,0
Meghalaya,18.2 - Counterfeiting Government Stamp (Section 255 IPC),2014,0,0,0,0,0,0,0,0,0,0,0,0,0,0,0
Meghalaya,18.3 - Counterfeit currency & Bank notes (Section 489-A to 489-E IPC),2014,3,0,3,10,0,10,1,0,1,0,0,0,14,0,14
Meghalaya,18.3.1 - Counterfeiting currency notes or Bank notes (Section 489A IPC),2014,0,0,0,0,0,0,0,0,0,0,0,0,0,0,0
Meghalaya,18.3.2 - Using forged or counterfeit currency/Bank notes (Section 489B IPC),2014,2,0,2,5,0,5,0,0,0,0,0,0,7,0,7
Meghalaya,18.3.3 - Possession of forged or counterfeiting currency / Bank notes (Section 489C IPC),2014,1,0,1,5,0,5,1,0,1,0,0,0,7,0,7
Meghalaya,18.3.4 - Make/Possess materials for forging or counterfeiting currency/Bank notes (Section 489D IPC),2014,0,0,0,0,0,0,0,0,0,0,0,0,0,0,0
Meghalaya,18.3.5 - Make/Use documents resembling currency notes/Bank notes (Section 489 E IPC),2014,0,0,0,0,0,0,0,0,0,0,0,0,0,0,0
Meghalaya,19 - Arson (Section 435-436 & 438 IPC),2014,19,0,19,13,0,13,3,0,3,0,0,0,35,0,35
Meghalaya,"20 - Grievous Hurt (Section 325,326,326A & 326 B IPC)",2014,142,0,142,75,1,76,16,1,17,3,0,3,236,2,238
Meghalaya,20.1 - Grievous Hurt (Section 325 & 326 IPC),2014,142,0,142,75,1,76,16,1,17,3,0,3,236,2,238
Meghalaya,20.2 - Acid attack (Section 326A IPC),2014,0,0,0,0,0,0,0,0,0,0,0,0,0,0,0
Meghalaya,20.3 - Attempt to Acid Attack (Section 326B IPC),2014,0,0,0,0,0,0,0,0,0,0,0,0,0,0,0
Meghalaya,21 - Dowry Deaths (Section 304-B IPC),2014,0,0,0,0,0,0,1,0,1,0,0,0,1,0,1
Meghalaya,22 - Assault on women with intent to outrage her Modesty (Section 354 IPC),2014,50,0,50,39,0,39,9,0,9,0,0,0,98,0,98
Meghalaya,22.1 - Sexual Harassment (Section 354A IPC),2014,0,0,0,0,0,0,0,0,0,0,0,0,0,0,0
Meghalaya,22.2 - Assault on women with intent to Disrobe (Section 354B IPC),2014,6,0,6,3,0,3,1,0,1,0,0,0,10,0,10
Meghalaya,22.3 - Voyeurism (Section 354C IPC),2014,1,0,1,0,0,0,0,0,0,0,0,0,1,0,1
Meghalaya,22.4 - Stalking (Section 354D IPC),2014,1,0,1,2,0,2,1,0,1,0,0,0,4,0,4
Meghalaya,22.5 - Others,2014,42,0,42,34,0,34,7,0,7,0,0,0,83,0,83
Meghalaya,23 - Insult to the Modesty of Women (Section 509 IPC),2014,19,0,19,13,0,13,3,0,3,1,0,1,36,0,36
Meghalaya,23.1 - At Office premises,2014,0,0,0,0,0,0,0,0,0,0,0,0,0,0,0
Meghalaya,23.2 - Places related to work other than Office,2014,0,0,0,0,0,0,0,0,0,0,0,0,0,0,0
Meghalaya,23.3 - In Public Transport system,2014,0,0,0,0,0,0,0,0,0,0,0,0,0,0,0
Meghalaya,23.4 - in Other Places,2014,19,0,19,13,0,13,3,0,3,1,0,1,36,0,36
Meghalaya,24 - Cruelty by Husband or his Relatives (Section 498-A IPC),2014,10,1,11,18,1,19,1,0,1,0,0,0,29,2,31
Meghalaya,25 - Importation of Girls from Foreign Country (Section 366-B IPC),2014,0,0,0,0,0,0,0,0,0,0,0,0,0,0,0
Meghalaya,26 - Causing Death by Negligence (Section 304-A IPC),2014,60,0,60,55,0,55,21,0,21,0,0,0,136,0,136
Meghalaya,26.1 - Deaths due to negligent driving/act,2014,53,0,53,47,0,47,19,0,19,0,0,0,119,0,119
Meghalaya,26.2 - Deaths due to Other Causes,2014,7,0,7,8,0,8,2,0,2,0,0,0,17,0,17
Meghalaya,"27 - Offences against State (Section 121, 121A, 122, 123, 124-A IPC)",2014,59,1,60,7,0,7,0,0,0,0,0,0,66,1,67
Meghalaya,27.1 - Sedition (Section 124A IPC),2014,0,0,0,0,0,0,0,0,0,0,0,0,0,0,0
Meghalaya,27.2 - Other offences against State,2014,59,1,60,7,0,7,0,0,0,0,0,0,66,1,67
Meghalaya,28 - Offences promoting enmity between different groups (Section 153A & 153B IPC),2014,0,0,0,0,0,0,0,0,0,0,0,0,0,0,0
Meghalaya,28.1 - Promoting enmity on ground of religion race and place of Birth (Section 153A IPC),2014,0,0,0,0,0,0,0,0,0,0,0,0,0,0,0
Meghalaya,28.2 - Imputation & assertions prejudicial to national integration (Section 153B IPC),2014,0,0,0,0,0,0,0,0,0,0,0,0,0,0,0
Meghalaya,29 - Extortion (Section 384 - 389 IPC),2014,96,3,99,30,0,30,5,0,5,0,0,0,131,3,134
Meghalaya,30 - Disclosure of Identity of Victims (Section 228 A IPC),2014,0,0,0,0,0,0,0,0,0,0,0,0,0,0,0
Meghalaya,31 - Incidence of Rash Driving (Section 279 IPC Read with 337 & 338),2014,44,0,44,29,1,30,2,0,2,0,0,0,75,1,76
Meghalaya,32 - Human Trafficking (Section 370 & 370A IPC),2014,0,0,0,0,0,0,0,0,0,0,0,0,0,0,0
Meghalaya,33 - Unnatural Offences U/s 377 IPC,2014,0,0,0,0,0,0,0,0,0,0,0,0,0,0,0
Meghalaya,34 - Other IPC crimes,2014,408,5,413,269,9,278,27,0,27,0,0,0,704,14,718
Meghalaya,35 - Total Cognizable IPC crimes,2014,1836,25,1861,1070,22,1092,189,5,194,8,0,8,3103,52,3155
Mizoram,1 - Murder (Section 302 IPC),2014,23,0,23,15,1,16,6,0,6,1,0,1,45,1,46
Mizoram,2 - Attempt to commit Murder (Section 307 IPC),2014,14,0,14,15,0,15,4,0,4,0,0,0,33,0,33
Mizoram,3 - Culpable Homicide not amounting to Murder (Section 304 IPC),2014,8,1,9,0,0,0,1,0,1,0,0,0,9,1,10
Mizoram,4 - Attempt to commit Culpable Homicide (Section 308 IPC),2014,1,0,1,0,0,0,0,0,0,0,0,0,1,0,1
Mizoram,5 - Rape (Section 376 IPC),2014,73,0,73,36,0,36,14,0,14,3,0,3,126,0,126
Mizoram,5.1 - Custodial Rape,2014,0,0,0,0,0,0,0,0,0,0,0,0,0,0,0
Mizoram,5.1.1 - Gang Rape,2014,0,0,0,0,0,0,0,0,0,0,0,0,0,0,0
Mizoram,5.1.2 - Other Rape,2014,0,0,0,0,0,0,0,0,0,0,0,0,0,0,0
Mizoram,5.2 - Rape other than Custodial,2014,73,0,73,36,0,36,14,0,14,3,0,3,126,0,126
Mizoram,5.2.1 - Gang Rape,2014,10,0,10,5,0,5,0,0,0,0,0,0,15,0,15
Mizoram,5.2.2 - Other Rape,2014,63,0,63,31,0,31,14,0,14,3,0,3,111,0,111
Mizoram,6 - Attempt to commit Rape (Section 376/511 IPC),2014,0,0,0,1,0,1,0,0,0,0,0,0,1,0,1
Mizoram,"7 - Kidnapping & Abduction_Total (Section 3,364,364A, 366-369 IPC)",2014,3,0,3,2,1,3,0,1,1,1,0,1,6,2,8
Mizoram,7.1 - Kidnapping & Abduction (Section 363 IPC),2014,2,0,2,2,1,3,0,0,0,1,0,1,5,1,6
Mizoram,7.2 - Kidnaping & Abduction in order to Murder (Section 364 IPC),2014,0,0,0,0,0,0,0,0,0,0,0,0,0,0,0
Mizoram,7.3 - Kidnapping for Ransom (Section 364A IPC),2014,1,0,1,0,0,0,0,0,0,0,0,0,1,0,1
Mizoram,7.4 - Kidnapping & Abduction of Women to compel her for marriage (Section 366 IPC),2014,0,0,0,0,0,0,0,0,0,0,0,0,0,0,0
Mizoram,7.5 - Other Kidnapping,2014,0,0,0,0,0,0,0,1,1,0,0,0,0,1,1
Mizoram,"8 - Dacoity (Section 395,396-398 IPC)",2014,0,0,0,2,0,2,2,0,2,0,0,0,4,0,4
Mizoram,8.1 - Dacoity with Murder (Section 396 IPC),2014,0,0,0,0,0,0,0,0,0,0,0,0,0,0,0
Mizoram,8.2 - Other Dacoity,2014,0,0,0,2,0,2,2,0,2,0,0,0,4,0,4
Mizoram,9 - Making Preparation and Assembly for committing Dacoity (Section 399 & 402 IPC),2014,0,0,0,0,0,0,0,0,0,0,0,0,0,0,0
Mizoram,"10 - Robbery (Section 392 to 394, 397 and 398 IPC)",2014,3,0,3,3,0,3,1,0,1,0,0,0,7,0,7
Mizoram,11 - Criminal Trespass/Burglary_Total (Section 453 to 460 IPC),2014,341,2,343,145,1,146,12,0,12,0,0,0,498,3,501
Mizoram,"11.1 - Criminal Trespass/Burglary (Section 455, 457 & 458 IPC)",2014,208,0,208,86,0,86,5,0,5,0,0,0,299,0,299
Mizoram,"11.2 - House Trespass & House Breaking (Section 453,454,456,459 & 460 IPC)",2014,133,2,135,59,1,60,7,0,7,0,0,0,199,3,202
Mizoram,12 - Theft (Section 379 to 382 IPC),2014,580,9,589,251,3,254,27,1,28,2,0,2,860,13,873
Mizoram,12.1 - Auto Theft,2014,82,0,82,13,0,13,0,0,0,1,0,1,96,0,96
Mizoram,12.2 - Other Thefts,2014,498,9,507,238,3,241,27,1,28,1,0,1,764,13,777
Mizoram,"13 - Unlawful Assembly (Section 143,144 & 145)",2014,0,0,0,0,0,0,0,0,0,0,0,0,0,0,0
Mizoram,"14 - Riots (Section 147, 148, 149, 150 & 151 IPC)",2014,0,0,0,0,0,0,0,0,0,0,0,0,0,0,0
Mizoram,14.1 - Communal,2014,0,0,0,0,0,0,0,0,0,0,0,0,0,0,0
Mizoram,14.2 - Industrial,2014,0,0,0,0,0,0,0,0,0,0,0,0,0,0,0
Mizoram,14.3 - Political,2014,0,0,0,0,0,0,0,0,0,0,0,0,0,0,0
Mizoram,14.4 - Caste Conflict,2014,0,0,0,0,0,0,0,0,0,0,0,0,0,0,0
Mizoram,14.4.1 - SC/STs Vs. Non-SCs/STs,2014,0,0,0,0,0,0,0,0,0,0,0,0,0,0,0
Mizoram,14.4.2 - Other Caste Riots,2014,0,0,0,0,0,0,0,0,0,0,0,0,0,0,0
Mizoram,14.5 - Agrarian,2014,0,0,0,0,0,0,0,0,0,0,0,0,0,0,0
Mizoram,14.6 - Students,2014,0,0,0,0,0,0,0,0,0,0,0,0,0,0,0
Mizoram,14.7 - Sectarian,2014,0,0,0,0,0,0,0,0,0,0,0,0,0,0,0
Mizoram,14.8 - Other Riots,2014,0,0,0,0,0,0,0,0,0,0,0,0,0,0,0
Mizoram,15 - Criminal Breach of Trust (Section 406 to 409 IPC),2014,2,0,2,11,1,12,8,0,8,0,0,0,21,1,22
Mizoram,16 - Cheating (Section 420 IPC),2014,35,0,35,22,11,33,9,0,9,0,1,1,66,12,78
Mizoram,"17 - Forgery (Section 465, 468 & 471 IPC)",2014,1,0,1,2,0,2,2,0,2,0,1,1,5,1,6
Mizoram,"18 - Counterfeiting (Section 231-235,237-240, 242-243, 255 and 489-A to 489-E IPC)",2014,4,0,4,2,2,4,3,0,3,0,0,0,9,2,11
Mizoram,"18.1 - Offences related to Counterfeit Coin (Section 231-235,237, 238-240 & 242-243 IPC)",2014,0,0,0,0,0,0,0,0,0,0,0,0,0,0,0
Mizoram,18.2 - Counterfeiting Government Stamp (Section 255 IPC),2014,0,0,0,0,0,0,0,0,0,0,0,0,0,0,0
Mizoram,18.3 - Counterfeit currency & Bank notes (Section 489-A to 489-E IPC),2014,4,0,4,2,2,4,3,0,3,0,0,0,9,2,11
Mizoram,18.3.1 - Counterfeiting currency notes or Bank notes (Section 489A IPC),2014,1,0,1,0,0,0,3,0,3,0,0,0,4,0,4
Mizoram,18.3.2 - Using forged or counterfeit currency/Bank notes (Section 489B IPC),2014,0,0,0,0,0,0,0,0,0,0,0,0,0,0,0
Mizoram,18.3.3 - Possession of forged or counterfeiting currency / Bank notes (Section 489C IPC),2014,3,0,3,2,2,4,0,0,0,0,0,0,5,2,7
Mizoram,18.3.4 - Make/Possess materials for forging or counterfeiting currency/Bank notes (Section 489D IPC),2014,0,0,0,0,0,0,0,0,0,0,0,0,0,0,0
Mizoram,18.3.5 - Make/Use documents resembling currency notes/Bank notes (Section 489 E IPC),2014,0,0,0,0,0,0,0,0,0,0,0,0,0,0,0
Mizoram,19 - Arson (Section 435-436 & 438 IPC),2014,15,0,15,15,1,16,2,1,3,0,0,0,32,2,34
Mizoram,"20 - Grievous Hurt (Section 325,326,326A & 326 B IPC)",2014,68,2,70,32,3,35,18,0,18,0,1,1,118,6,124
Mizoram,20.1 - Grievous Hurt (Section 325 & 326 IPC),2014,68,2,70,32,3,35,18,0,18,0,1,1,118,6,124
Mizoram,20.2 - Acid attack (Section 326A IPC),2014,0,0,0,0,0,0,0,0,0,0,0,0,0,0,0
Mizoram,20.3 - Attempt to Acid Attack (Section 326B IPC),2014,0,0,0,0,0,0,0,0,0,0,0,0,0,0,0
Mizoram,21 - Dowry Deaths (Section 304-B IPC),2014,0,0,0,0,0,0,0,0,0,0,0,0,0,0,0
Mizoram,22 - Assault on women with intent to outrage her Modesty (Section 354 IPC),2014,49,0,49,38,0,38,14,0,14,1,0,1,102,0,102
Mizoram,22.1 - Sexual Harassment (Section 354A IPC),2014,24,0,24,20,0,20,9,0,9,1,0,1,54,0,54
Mizoram,22.2 - Assault on women with intent to Disrobe (Section 354B IPC),2014,10,0,10,7,0,7,1,0,1,0,0,0,18,0,18
Mizoram,22.3 - Voyeurism (Section 354C IPC),2014,1,0,1,1,0,1,0,0,0,0,0,0,2,0,2
Mizoram,22.4 - Stalking (Section 354D IPC),2014,3,0,3,2,0,2,1,0,1,0,0,0,6,0,6
Mizoram,22.5 - Others,2014,11,0,11,8,0,8,3,0,3,0,0,0,22,0,22
Mizoram,23 - Insult to the Modesty of Women (Section 509 IPC),2014,8,0,8,0,0,0,0,0,0,0,0,0,8,0,8
Mizoram,23.1 - At Office premises,2014,0,0,0,0,0,0,0,0,0,0,0,0,0,0,0
Mizoram,23.2 - Places related to work other than Office,2014,8,0,8,0,0,0,0,0,0,0,0,0,8,0,8
Mizoram,23.3 - In Public Transport system,2014,0,0,0,0,0,0,0,0,0,0,0,0,0,0,0
Mizoram,23.4 - in Other Places,2014,0,0,0,0,0,0,0,0,0,0,0,0,0,0,0
Mizoram,24 - Cruelty by Husband or his Relatives (Section 498-A IPC),2014,5,0,5,5,0,5,1,0,1,0,0,0,11,0,11
Mizoram,25 - Importation of Girls from Foreign Country (Section 366-B IPC),2014,0,0,0,0,0,0,0,0,0,0,0,0,0,0,0
Mizoram,26 - Causing Death by Negligence (Section 304-A IPC),2014,42,0,42,20,1,21,8,0,8,0,0,0,70,1,71
Mizoram,26.1 - Deaths due to negligent driving/act,2014,39,0,39,19,1,20,6,0,6,0,0,0,64,1,65
Mizoram,26.2 - Deaths due to Other Causes,2014,3,0,3,1,0,1,2,0,2,0,0,0,6,0,6
Mizoram,"27 - Offences against State (Section 121, 121A, 122, 123, 124-A IPC)",2014,0,0,0,1,0,1,0,0,0,0,0,0,1,0,1
Mizoram,27.1 - Sedition (Section 124A IPC),2014,0,0,0,0,0,0,0,0,0,0,0,0,0,0,0
Mizoram,27.2 - Other offences against State,2014,0,0,0,1,0,1,0,0,0,0,0,0,1,0,1
Mizoram,28 - Offences promoting enmity between different groups (Section 153A & 153B IPC),2014,0,0,0,1,0,1,0,0,0,0,0,0,1,0,1
Mizoram,28.1 - Promoting enmity on ground of religion race and place of Birth (Section 153A IPC),2014,0,0,0,1,0,1,0,0,0,0,0,0,1,0,1
Mizoram,28.2 - Imputation & assertions prejudicial to national integration (Section 153B IPC),2014,0,0,0,0,0,0,0,0,0,0,0,0,0,0,0
Mizoram,29 - Extortion (Section 384 - 389 IPC),2014,10,0,10,15,0,15,1,0,1,0,0,0,26,0,26
Mizoram,30 - Disclosure of Identity of Victims (Section 228 A IPC),2014,0,0,0,0,0,0,0,0,0,0,0,0,0,0,0
Mizoram,31 - Incidence of Rash Driving (Section 279 IPC Read with 337 & 338),2014,14,0,14,5,0,5,1,0,1,0,0,0,20,0,20
Mizoram,32 - Human Trafficking (Section 370 & 370A IPC),2014,0,0,0,0,0,0,0,0,0,0,0,0,0,0,0
Mizoram,33 - Unnatural Offences U/s 377 IPC,2014,4,0,4,0,0,0,0,0,0,0,0,0,4,0,4
Mizoram,34 - Other IPC crimes,2014,117,3,120,70,6,76,27,0,27,0,0,0,214,9,223
Mizoram,35 - Total Cognizable IPC crimes,2014,1420,17,1437,709,31,740,161,3,164,8,3,11,2298,54,2352
Nagaland,1 - Murder (Section 302 IPC),2014,17,1,18,22,1,23,6,0,6,0,0,0,45,2,47
Nagaland,2 - Attempt to commit Murder (Section 307 IPC),2014,14,0,14,28,0,28,0,0,0,0,0,0,42,0,42
Nagaland,3 - Culpable Homicide not amounting to Murder (Section 304 IPC),2014,0,0,0,2,0,2,1,0,1,0,0,0,3,0,3
Nagaland,4 - Attempt to commit Culpable Homicide (Section 308 IPC),2014,0,0,0,0,0,0,0,0,0,0,0,0,0,0,0
Nagaland,5 - Rape (Section 376 IPC),2014,18,0,18,18,0,18,2,0,2,2,0,2,40,0,40
Nagaland,5.1 - Custodial Rape,2014,0,0,0,0,0,0,0,0,0,0,0,0,0,0,0
Nagaland,5.1.1 - Gang Rape,2014,0,0,0,0,0,0,0,0,0,0,0,0,0,0,0
Nagaland,5.1.2 - Other Rape,2014,0,0,0,0,0,0,0,0,0,0,0,0,0,0,0
Nagaland,5.2 - Rape other than Custodial,2014,18,0,18,18,0,18,2,0,2,2,0,2,40,0,40
Nagaland,5.2.1 - Gang Rape,2014,4,0,4,0,0,0,0,0,0,1,0,1,5,0,5
Nagaland,5.2.2 - Other Rape,2014,14,0,14,18,0,18,2,0,2,1,0,1,35,0,35
Nagaland,6 - Attempt to commit Rape (Section 376/511 IPC),2014,0,0,0,2,0,2,0,0,0,1,0,1,3,0,3
Nagaland,"7 - Kidnapping & Abduction_Total (Section 3,364,364A, 366-369 IPC)",2014,17,1,18,27,0,27,6,0,6,0,0,0,50,1,51
Nagaland,7.1 - Kidnapping & Abduction (Section 363 IPC),2014,5,1,6,1,0,1,1,0,1,0,0,0,7,1,8
Nagaland,7.2 - Kidnaping & Abduction in order to Murder (Section 364 IPC),2014,0,0,0,0,0,0,0,0,0,0,0,0,0,0,0
Nagaland,7.3 - Kidnapping for Ransom (Section 364A IPC),2014,4,0,4,2,0,2,0,0,0,0,0,0,6,0,6
Nagaland,7.4 - Kidnapping & Abduction of Women to compel her for marriage (Section 366 IPC),2014,0,0,0,2,0,2,0,0,0,0,0,0,2,0,2
Nagaland,7.5 - Other Kidnapping,2014,8,0,8,22,0,22,5,0,5,0,0,0,35,0,35
Nagaland,"8 - Dacoity (Section 395,396-398 IPC)",2014,7,0,7,1,0,1,0,0,0,0,0,0,8,0,8
Nagaland,8.1 - Dacoity with Murder (Section 396 IPC),2014,0,0,0,0,0,0,0,0,0,0,0,0,0,0,0
Nagaland,8.2 - Other Dacoity,2014,7,0,7,1,0,1,0,0,0,0,0,0,8,0,8
Nagaland,9 - Making Preparation and Assembly for committing Dacoity (Section 399 & 402 IPC),2014,0,0,0,0,0,0,0,0,0,0,0,0,0,0,0
Nagaland,"10 - Robbery (Section 392 to 394, 397 and 398 IPC)",2014,19,1,20,21,0,21,0,0,0,0,0,0,40,1,41
Nagaland,11 - Criminal Trespass/Burglary_Total (Section 453 to 460 IPC),2014,25,0,25,13,0,13,1,0,1,0,0,0,39,0,39
Nagaland,"11.1 - Criminal Trespass/Burglary (Section 455, 457 & 458 IPC)",2014,22,0,22,11,0,11,0,0,0,0,0,0,33,0,33
Nagaland,"11.2 - House Trespass & House Breaking (Section 453,454,456,459 & 460 IPC)",2014,3,0,3,2,0,2,1,0,1,0,0,0,6,0,6
Nagaland,12 - Theft (Section 379 to 382 IPC),2014,226,2,228,151,0,151,27,0,27,0,1,1,404,3,407
Nagaland,12.1 - Auto Theft,2014,112,0,112,63,0,63,16,0,16,0,0,0,191,0,191
Nagaland,12.2 - Other Thefts,2014,114,2,116,88,0,88,11,0,11,0,1,1,213,3,216
Nagaland,"13 - Unlawful Assembly (Section 143,144 & 145)",2014,0,0,0,0,0,0,0,0,0,0,0,0,0,0,0
Nagaland,"14 - Riots (Section 147, 148, 149, 150 & 151 IPC)",2014,1,0,1,3,0,3,0,0,0,0,0,0,4,0,4
Nagaland,14.1 - Communal,2014,0,0,0,0,0,0,0,0,0,0,0,0,0,0,0
Nagaland,14.2 - Industrial,2014,0,0,0,0,0,0,0,0,0,0,0,0,0,0,0
Nagaland,14.3 - Political,2014,0,0,0,0,0,0,0,0,0,0,0,0,0,0,0
Nagaland,14.4 - Caste Conflict,2014,0,0,0,2,0,2,0,0,0,0,0,0,2,0,2
Nagaland,14.4.1 - SC/STs Vs. Non-SCs/STs,2014,0,0,0,0,0,0,0,0,0,0,0,0,0,0,0
Nagaland,14.4.2 - Other Caste Riots,2014,0,0,0,2,0,2,0,0,0,0,0,0,2,0,2
Nagaland,14.5 - Agrarian,2014,0,0,0,0,0,0,0,0,0,0,0,0,0,0,0
Nagaland,14.6 - Students,2014,0,0,0,0,0,0,0,0,0,0,0,0,0,0,0
Nagaland,14.7 - Sectarian,2014,0,0,0,0,0,0,0,0,0,0,0,0,0,0,0
Nagaland,14.8 - Other Riots,2014,1,0,1,1,0,1,0,0,0,0,0,0,2,0,2
Nagaland,15 - Criminal Breach of Trust (Section 406 to 409 IPC),2014,6,0,6,4,0,4,2,0,2,0,0,0,12,0,12
Nagaland,16 - Cheating (Section 420 IPC),2014,25,3,28,13,1,14,2,2,4,0,0,0,40,6,46
Nagaland,"17 - Forgery (Section 465, 468 & 471 IPC)",2014,8,1,9,4,0,4,0,0,0,0,0,0,12,1,13
Nagaland,"18 - Counterfeiting (Section 231-235,237-240, 242-243, 255 and 489-A to 489-E IPC)",2014,2,0,2,2,1,3,2,0,2,0,0,0,6,1,7
Nagaland,"18.1 - Offences related to Counterfeit Coin (Section 231-235,237, 238-240 & 242-243 IPC)",2014,0,0,0,1,0,1,0,0,0,0,0,0,1,0,1
Nagaland,18.2 - Counterfeiting Government Stamp (Section 255 IPC),2014,0,0,0,0,0,0,0,0,0,0,0,0,0,0,0
Nagaland,18.3 - Counterfeit currency & Bank notes (Section 489-A to 489-E IPC),2014,2,0,2,1,1,2,2,0,2,0,0,0,5,1,6
Nagaland,18.3.1 - Counterfeiting currency notes or Bank notes (Section 489A IPC),2014,0,0,0,0,0,0,0,0,0,0,0,0,0,0,0
Nagaland,18.3.2 - Using forged or counterfeit currency/Bank notes (Section 489B IPC),2014,1,0,1,0,0,0,0,0,0,0,0,0,1,0,1
Nagaland,18.3.3 - Possession of forged or counterfeiting currency / Bank notes (Section 489C IPC),2014,1,0,1,1,0,1,1,0,1,0,0,0,3,0,3
Nagaland,18.3.4 - Make/Possess materials for forging or counterfeiting currency/Bank notes (Section 489D IPC),2014,0,0,0,0,1,1,1,0,1,0,0,0,1,1,2
Nagaland,18.3.5 - Make/Use documents resembling currency notes/Bank notes (Section 489 E IPC),2014,0,0,0,0,0,0,0,0,0,0,0,0,0,0,0
Nagaland,19 - Arson (Section 435-436 & 438 IPC),2014,5,0,5,2,0,2,0,0,0,0,0,0,7,0,7
Nagaland,"20 - Grievous Hurt (Section 325,326,326A & 326 B IPC)",2014,16,0,16,6,0,6,3,0,3,0,0,0,25,0,25
Nagaland,20.1 - Grievous Hurt (Section 325 & 326 IPC),2014,16,0,16,6,0,6,3,0,3,0,0,0,25,0,25
Nagaland,20.2 - Acid attack (Section 326A IPC),2014,0,0,0,0,0,0,0,0,0,0,0,0,0,0,0
Nagaland,20.3 - Attempt to Acid Attack (Section 326B IPC),2014,0,0,0,0,0,0,0,0,0,0,0,0,0,0,0
Nagaland,21 - Dowry Deaths (Section 304-B IPC),2014,0,0,0,0,0,0,0,0,0,0,0,0,0,0,0
Nagaland,22 - Assault on women with intent to outrage her Modesty (Section 354 IPC),2014,5,1,6,5,0,5,2,0,2,0,0,0,12,1,13
Nagaland,22.1 - Sexual Harassment (Section 354A IPC),2014,3,0,3,1,0,1,0,0,0,0,0,0,4,0,4
Nagaland,22.2 - Assault on women with intent to Disrobe (Section 354B IPC),2014,1,0,1,2,0,2,1,0,1,0,0,0,4,0,4
Nagaland,22.3 - Voyeurism (Section 354C IPC),2014,0,0,0,0,0,0,0,0,0,0,0,0,0,0,0
Nagaland,22.4 - Stalking (Section 354D IPC),2014,1,0,1,0,0,0,0,0,0,0,0,0,1,0,1
Nagaland,22.5 - Others,2014,0,1,1,2,0,2,1,0,1,0,0,0,3,1,4
Nagaland,23 - Insult to the Modesty of Women (Section 509 IPC),2014,0,0,0,0,0,0,1,0,1,0,0,0,1,0,1
Nagaland,23.1 - At Office premises,2014,0,0,0,0,0,0,0,0,0,0,0,0,0,0,0
Nagaland,23.2 - Places related to work other than Office,2014,0,0,0,0,0,0,0,0,0,0,0,0,0,0,0
Nagaland,23.3 - In Public Transport system,2014,0,0,0,0,0,0,0,0,0,0,0,0,0,0,0
Nagaland,23.4 - in Other Places,2014,0,0,0,0,0,0,1,0,1,0,0,0,1,0,1
Nagaland,24 - Cruelty by Husband or his Relatives (Section 498-A IPC),2014,1,0,1,1,0,1,1,0,1,0,0,0,3,0,3
Nagaland,25 - Importation of Girls from Foreign Country (Section 366-B IPC),2014,0,0,0,0,0,0,0,0,0,0,0,0,0,0,0
Nagaland,26 - Causing Death by Negligence (Section 304-A IPC),2014,13,0,13,2,0,2,0,0,0,0,0,0,15,0,15
Nagaland,26.1 - Deaths due to negligent driving/act,2014,11,0,11,1,0,1,0,0,0,0,0,0,12,0,12
Nagaland,26.2 - Deaths due to Other Causes,2014,2,0,2,1,0,1,0,0,0,0,0,0,3,0,3
Nagaland,"27 - Offences against State (Section 121, 121A, 122, 123, 124-A IPC)",2014,0,0,0,0,0,0,0,0,0,0,0,0,0,0,0
Nagaland,27.1 - Sedition (Section 124A IPC),2014,0,0,0,0,0,0,0,0,0,0,0,0,0,0,0
Nagaland,27.2 - Other offences against State,2014,0,0,0,0,0,0,0,0,0,0,0,0,0,0,0
Nagaland,28 - Offences promoting enmity between different groups (Section 153A & 153B IPC),2014,0,0,0,0,0,0,0,0,0,0,0,0,0,0,0
Nagaland,28.1 - Promoting enmity on ground of religion race and place of Birth (Section 153A IPC),2014,0,0,0,0,0,0,0,0,0,0,0,0,0,0,0
Nagaland,28.2 - Imputation & assertions prejudicial to national integration (Section 153B IPC),2014,0,0,0,0,0,0,0,0,0,0,0,0,0,0,0
Nagaland,29 - Extortion (Section 384 - 389 IPC),2014,70,0,70,47,1,48,8,0,8,2,0,2,127,1,128
Nagaland,30 - Disclosure of Identity of Victims (Section 228 A IPC),2014,0,0,0,0,0,0,0,0,0,0,0,0,0,0,0
Nagaland,31 - Incidence of Rash Driving (Section 279 IPC Read with 337 & 338),2014,0,0,0,2,0,2,0,0,0,0,0,0,2,0,2
Nagaland,32 - Human Trafficking (Section 370 & 370A IPC),2014,2,0,2,0,0,0,1,0,1,0,0,0,3,0,3
Nagaland,33 - Unnatural Offences U/s 377 IPC,2014,0,0,0,0,0,0,0,0,0,0,0,0,0,0,0
Nagaland,34 - Other IPC crimes,2014,76,1,77,75,1,76,17,1,18,0,0,0,168,3,171
Nagaland,35 - Total Cognizable IPC crimes,2014,573,11,584,451,5,456,82,3,85,5,1,6,1111,20,1131
Odisha,1 - Murder (Section 302 IPC),2014,788,78,866,844,120,964,405,38,443,8,1,9,2045,237,2282
Odisha,2 - Attempt to commit Murder (Section 307 IPC),2014,1350,78,1428,1322,97,1419,868,44,912,74,1,75,3614,220,3834
Odisha,3 - Culpable Homicide not amounting to Murder (Section 304 IPC),2014,41,0,41,16,0,16,8,0,8,0,0,0,65,0,65
Odisha,4 - Attempt to commit Culpable Homicide (Section 308 IPC),2014,1,0,1,0,0,0,0,0,0,0,0,0,1,0,1
Odisha,5 - Rape (Section 376 IPC),2014,1291,15,1306,632,26,658,137,2,139,2,0,2,2062,43,2105
Odisha,5.1 - Custodial Rape,2014,0,0,0,0,0,0,0,0,0,0,0,0,0,0,0
Odisha,5.1.1 - Gang Rape,2014,0,0,0,0,0,0,0,0,0,0,0,0,0,0,0
Odisha,5.1.2 - Other Rape,2014,0,0,0,0,0,0,0,0,0,0,0,0,0,0,0
Odisha,5.2 - Rape other than Custodial,2014,1291,15,1306,632,26,658,137,2,139,2,0,2,2062,43,2105
Odisha,5.2.1 - Gang Rape,2014,85,1,86,53,1,54,0,0,0,0,0,0,138,2,140
Odisha,5.2.2 - Other Rape,2014,1206,14,1220,579,25,604,137,2,139,2,0,2,1924,41,1965
Odisha,6 - Attempt to commit Rape (Section 376/511 IPC),2014,13,0,13,9,0,9,2,0,2,0,0,0,24,0,24
Odisha,"7 - Kidnapping & Abduction_Total (Section 3,364,364A, 366-369 IPC)",2014,1351,16,1367,856,37,893,193,7,200,3,3,6,2403,63,2466
Odisha,7.1 - Kidnapping & Abduction (Section 363 IPC),2014,312,1,313,202,8,210,60,0,60,2,0,2,576,9,585
Odisha,7.2 - Kidnaping & Abduction in order to Murder (Section 364 IPC),2014,2,0,2,0,0,0,0,0,0,0,0,0,2,0,2
Odisha,7.3 - Kidnapping for Ransom (Section 364A IPC),2014,1,0,1,7,0,7,3,0,3,0,0,0,11,0,11
Odisha,7.4 - Kidnapping & Abduction of Women to compel her for marriage (Section 366 IPC),2014,641,13,654,427,14,441,76,3,79,1,3,4,1145,33,1178
Odisha,7.5 - Other Kidnapping,2014,395,2,397,220,15,235,54,4,58,0,0,0,669,21,690
Odisha,"8 - Dacoity (Section 395,396-398 IPC)",2014,953,1,954,659,1,660,367,0,367,5,0,5,1984,2,1986
Odisha,8.1 - Dacoity with Murder (Section 396 IPC),2014,0,0,0,0,0,0,0,0,0,0,0,0,0,0,0
Odisha,8.2 - Other Dacoity,2014,953,1,954,659,1,660,367,0,367,5,0,5,1984,2,1986
Odisha,9 - Making Preparation and Assembly for committing Dacoity (Section 399 & 402 IPC),2014,327,0,327,161,0,161,63,0,63,0,0,0,551,0,551
Odisha,"10 - Robbery (Section 392 to 394, 397 and 398 IPC)",2014,1453,5,1458,922,7,929,235,0,235,7,0,7,2617,12,2629
Odisha,11 - Criminal Trespass/Burglary_Total (Section 453 to 460 IPC),2014,1818,4,1822,1443,8,1451,535,3,538,21,0,21,3817,15,3832
Odisha,"11.1 - Criminal Trespass/Burglary (Section 455, 457 & 458 IPC)",2014,1543,4,1547,1184,8,1192,390,2,392,21,0,21,3138,14,3152
Odisha,"11.2 - House Trespass & House Breaking (Section 453,454,456,459 & 460 IPC)",2014,275,0,275,259,0,259,145,1,146,0,0,0,679,1,680
Odisha,12 - Theft (Section 379 to 382 IPC),2014,3908,21,3929,2862,24,2886,1101,8,1109,52,0,52,7923,53,7976
Odisha,12.1 - Auto Theft,2014,1220,0,1220,725,0,725,258,0,258,0,0,0,2203,0,2203
Odisha,12.2 - Other Thefts,2014,2688,21,2709,2137,24,2161,843,8,851,52,0,52,5720,53,5773
Odisha,"13 - Unlawful Assembly (Section 143,144 & 145)",2014,143,8,151,140,22,162,68,9,77,1,1,2,352,40,392
Odisha,"14 - Riots (Section 147, 148, 149, 150 & 151 IPC)",2014,5110,139,5249,4649,182,4831,1420,41,1461,13,0,13,11192,362,11554
Odisha,14.1 - Communal,2014,4,0,4,3,0,3,1,0,1,0,0,0,8,0,8
Odisha,14.2 - Industrial,2014,111,10,121,67,0,67,8,0,8,0,0,0,186,10,196
Odisha,14.3 - Political,2014,88,3,91,90,0,90,25,0,25,0,0,0,203,3,206
Odisha,14.4 - Caste Conflict,2014,391,6,397,315,4,319,113,0,113,2,0,2,821,10,831
Odisha,14.4.1 - SC/STs Vs. Non-SCs/STs,2014,8,0,8,5,0,5,0,0,0,0,0,0,13,0,13
Odisha,14.4.2 - Other Caste Riots,2014,383,6,389,310,4,314,113,0,113,2,0,2,808,10,818
Odisha,14.5 - Agrarian,2014,50,0,50,10,2,12,1,0,1,0,0,0,61,2,63
Odisha,14.6 - Students,2014,24,0,24,0,0,0,0,0,0,0,0,0,24,0,24
Odisha,14.7 - Sectarian,2014,6,0,6,4,0,4,0,0,0,0,0,0,10,0,10
Odisha,14.8 - Other Riots,2014,4436,120,4556,4160,176,4336,1272,41,1313,11,0,11,9879,337,10216
Odisha,15 - Criminal Breach of Trust (Section 406 to 409 IPC),2014,227,25,252,244,41,285,125,16,141,2,0,2,598,82,680
Odisha,16 - Cheating (Section 420 IPC),2014,627,8,635,1046,22,1068,659,7,666,7,0,7,2339,37,2376
Odisha,"17 - Forgery (Section 465, 468 & 471 IPC)",2014,0,0,0,9,0,9,12,0,12,0,0,0,21,0,21
Odisha,"18 - Counterfeiting (Section 231-235,237-240, 242-243, 255 and 489-A to 489-E IPC)",2014,17,0,17,9,0,9,0,0,0,0,0,0,26,0,26
Odisha,"18.1 - Offences related to Counterfeit Coin (Section 231-235,237, 238-240 & 242-243 IPC)",2014,0,0,0,0,0,0,0,0,0,0,0,0,0,0,0
Odisha,18.2 - Counterfeiting Government Stamp (Section 255 IPC),2014,0,0,0,0,0,0,0,0,0,0,0,0,0,0,0
Odisha,18.3 - Counterfeit currency & Bank notes (Section 489-A to 489-E IPC),2014,17,0,17,9,0,9,0,0,0,0,0,0,26,0,26
Odisha,18.3.1 - Counterfeiting currency notes or Bank notes (Section 489A IPC),2014,8,0,8,5,0,5,0,0,0,0,0,0,13,0,13
Odisha,18.3.2 - Using forged or counterfeit currency/Bank notes (Section 489B IPC),2014,6,0,6,0,0,0,0,0,0,0,0,0,6,0,6
Odisha,18.3.3 - Possession of forged or counterfeiting currency / Bank notes (Section 489C IPC),2014,3,0,3,4,0,4,0,0,0,0,0,0,7,0,7
Odisha,18.3.4 - Make/Possess materials for forging or counterfeiting currency/Bank notes (Section 489D IPC),2014,0,0,0,0,0,0,0,0,0,0,0,0,0,0,0
Odisha,18.3.5 - Make/Use documents resembling currency notes/Bank notes (Section 489 E IPC),2014,0,0,0,0,0,0,0,0,0,0,0,0,0,0,0
Odisha,19 - Arson (Section 435-436 & 438 IPC),2014,236,8,244,251,5,256,73,3,76,0,0,0,560,16,576
Odisha,"20 - Grievous Hurt (Section 325,326,326A & 326 B IPC)",2014,2862,61,2923,3256,146,3402,2168,88,2256,329,0,329,8615,295,8910
Odisha,20.1 - Grievous Hurt (Section 325 & 326 IPC),2014,2857,61,2918,3254,146,3400,2168,88,2256,329,0,329,8608,295,8903
Odisha,20.2 - Acid attack (Section 326A IPC),2014,5,0,5,2,0,2,0,0,0,0,0,0,7,0,7
Odisha,20.3 - Attempt to Acid Attack (Section 326B IPC),2014,0,0,0,0,0,0,0,0,0,0,0,0,0,0,0
Odisha,21 - Dowry Deaths (Section 304-B IPC),2014,453,105,558,430,85,515,162,48,210,32,11,43,1077,249,1326
Odisha,22 - Assault on women with intent to outrage her Modesty (Section 354 IPC),2014,3189,137,3326,2335,179,2514,774,49,823,10,1,11,6308,366,6674
Odisha,22.1 - Sexual Harassment (Section 354A IPC),2014,513,7,520,379,11,390,81,9,90,4,0,4,977,27,1004
Odisha,22.2 - Assault on women with intent to Disrobe (Section 354B IPC),2014,496,9,505,466,29,495,118,16,134,5,1,6,1085,55,1140
Odisha,22.3 - Voyeurism (Section 354C IPC),2014,17,0,17,6,0,6,0,0,0,0,0,0,23,0,23
Odisha,22.4 - Stalking (Section 354D IPC),2014,72,1,73,51,0,51,1,0,1,0,0,0,124,1,125
Odisha,22.5 - Others,2014,2091,120,2211,1433,139,1572,574,24,598,1,0,1,4099,283,4382
Odisha,23 - Insult to the Modesty of Women (Section 509 IPC),2014,319,0,319,130,3,133,11,0,11,0,0,0,460,3,463
Odisha,23.1 - At Office premises,2014,6,0,6,0,0,0,0,0,0,0,0,0,6,0,6
Odisha,23.2 - Places related to work other than Office,2014,2,0,2,6,0,6,2,0,2,0,0,0,10,0,10
Odisha,23.3 - In Public Transport system,2014,4,0,4,4,0,4,0,0,0,0,0,0,8,0,8
Odisha,23.4 - in Other Places,2014,307,0,307,120,3,123,9,0,9,0,0,0,436,3,439
Odisha,24 - Cruelty by Husband or his Relatives (Section 498-A IPC),2014,1971,466,2437,2201,598,2799,912,254,1166,99,20,119,5183,1338,6521
Odisha,25 - Importation of Girls from Foreign Country (Section 366-B IPC),2014,0,0,0,0,0,0,0,0,0,0,0,0,0,0,0
Odisha,26 - Causing Death by Negligence (Section 304-A IPC),2014,2343,0,2343,1606,0,1606,575,0,575,3,0,3,4527,0,4527
Odisha,26.1 - Deaths due to negligent driving/act,2014,2334,0,2334,1577,0,1577,572,0,572,3,0,3,4486,0,4486
Odisha,26.2 - Deaths due to Other Causes,2014,9,0,9,29,0,29,3,0,3,0,0,0,41,0,41
Odisha,"27 - Offences against State (Section 121, 121A, 122, 123, 124-A IPC)",2014,1,3,4,0,0,0,1,0,1,0,0,0,2,3,5
Odisha,27.1 - Sedition (Section 124A IPC),2014,0,3,3,0,0,0,1,0,1,0,0,0,1,3,4
Odisha,27.2 - Other offences against State,2014,1,0,1,0,0,0,0,0,0,0,0,0,1,0,1
Odisha,28 - Offences promoting enmity between different groups (Section 153A & 153B IPC),2014,15,0,15,0,0,0,0,0,0,0,0,0,15,0,15
Odisha,28.1 - Promoting enmity on ground of religion race and place of Birth (Section 153A IPC),2014,15,0,15,0,0,0,0,0,0,0,0,0,15,0,15
Odisha,28.2 - Imputation & assertions prejudicial to national integration (Section 153B IPC),2014,0,0,0,0,0,0,0,0,0,0,0,0,0,0,0
Odisha,29 - Extortion (Section 384 - 389 IPC),2014,241,0,241,181,4,185,18,0,18,0,0,0,440,4,444
Odisha,30 - Disclosure of Identity of Victims (Section 228 A IPC),2014,0,0,0,0,0,0,0,0,0,0,0,0,0,0,0
Odisha,31 - Incidence of Rash Driving (Section 279 IPC Read with 337 & 338),2014,1890,0,1890,1173,2,1175,463,0,463,2,0,2,3528,2,3530
Odisha,32 - Human Trafficking (Section 370 & 370A IPC),2014,7,0,7,25,3,28,8,2,10,0,0,0,40,5,45
Odisha,33 - Unnatural Offences U/s 377 IPC,2014,9,0,9,7,0,7,2,0,2,0,0,0,18,0,18
Odisha,34 - Other IPC crimes,2014,11629,1021,12650,10569,1062,11631,4999,426,5425,276,27,303,27473,2536,30009
Odisha,35 - Total Cognizable IPC crimes,2014,44583,2199,46782,37987,2674,40661,16364,1045,17409,946,65,1011,99880,5983,105863
Punjab,1 - Murder (Section 302 IPC),2014,415,31,446,534,87,621,258,19,277,13,0,13,1220,137,1357
Punjab,2 - Attempt to commit Murder (Section 307 IPC),2014,671,38,709,812,83,895,391,38,429,12,2,14,1886,161,2047
Punjab,3 - Culpable Homicide not amounting to Murder (Section 304 IPC),2014,40,4,44,77,5,82,9,2,11,0,0,0,126,11,137
Punjab,4 - Attempt to commit Culpable Homicide (Section 308 IPC),2014,13,1,14,49,1,50,11,0,11,0,0,0,73,2,75
Punjab,5 - Rape (Section 376 IPC),2014,555,39,594,481,23,504,91,5,96,2,1,3,1129,68,1197
Punjab,5.1 - Custodial Rape,2014,0,0,0,0,0,0,0,0,0,0,0,0,0,0,0
Punjab,5.1.1 - Gang Rape,2014,0,0,0,0,0,0,0,0,0,0,0,0,0,0,0
Punjab,5.1.2 - Other Rape,2014,0,0,0,0,0,0,0,0,0,0,0,0,0,0,0
Punjab,5.2 - Rape other than Custodial,2014,555,39,594,481,23,504,91,5,96,2,1,3,1129,68,1197
Punjab,5.2.1 - Gang Rape,2014,27,0,27,18,0,18,0,0,0,0,0,0,45,0,45
Punjab,5.2.2 - Other Rape,2014,528,39,567,463,23,486,91,5,96,2,1,3,1084,68,1152
Punjab,6 - Attempt to commit Rape (Section 376/511 IPC),2014,89,1,90,44,2,46,2,1,3,1,0,1,136,4,140
Punjab,"7 - Kidnapping & Abduction_Total (Section 3,364,364A, 366-369 IPC)",2014,698,42,740,284,83,367,73,13,86,4,0,4,1059,138,1197
Punjab,7.1 - Kidnapping & Abduction (Section 363 IPC),2014,35,4,39,23,9,32,0,2,2,0,0,0,58,15,73
Punjab,7.2 - Kidnaping & Abduction in order to Murder (Section 364 IPC),2014,12,0,12,12,1,13,15,2,17,2,0,2,41,3,44
Punjab,7.3 - Kidnapping for Ransom (Section 364A IPC),2014,0,0,0,6,0,6,0,0,0,0,0,0,6,0,6
Punjab,7.4 - Kidnapping & Abduction of Women to compel her for marriage (Section 366 IPC),2014,373,25,398,154,51,205,44,6,50,2,0,2,573,82,655
Punjab,7.5 - Other Kidnapping,2014,278,13,291,89,22,111,14,3,17,0,0,0,381,38,419
Punjab,"8 - Dacoity (Section 395,396-398 IPC)",2014,68,0,68,74,0,74,10,0,10,0,0,0,152,0,152
Punjab,8.1 - Dacoity with Murder (Section 396 IPC),2014,2,0,2,3,0,3,0,0,0,0,0,0,5,0,5
Punjab,8.2 - Other Dacoity,2014,66,0,66,71,0,71,10,0,10,0,0,0,147,0,147
Punjab,9 - Making Preparation and Assembly for committing Dacoity (Section 399 & 402 IPC),2014,404,0,404,258,2,260,17,2,19,0,0,0,679,4,683
Punjab,"10 - Robbery (Section 392 to 394, 397 and 398 IPC)",2014,182,1,183,108,0,108,3,0,3,0,0,0,293,1,294
Punjab,11 - Criminal Trespass/Burglary_Total (Section 453 to 460 IPC),2014,1187,20,1207,856,29,885,224,4,228,1,0,1,2268,53,2321
Punjab,"11.1 - Criminal Trespass/Burglary (Section 455, 457 & 458 IPC)",2014,701,14,715,571,21,592,163,2,165,0,0,0,1435,37,1472
Punjab,"11.2 - House Trespass & House Breaking (Section 453,454,456,459 & 460 IPC)",2014,486,6,492,285,8,293,61,2,63,1,0,1,833,16,849
Punjab,12 - Theft (Section 379 to 382 IPC),2014,2271,55,2326,1637,88,1725,481,16,497,3,0,3,4392,159,4551
Punjab,12.1 - Auto Theft,2014,753,0,753,567,1,568,126,6,132,1,0,1,1447,7,1454
Punjab,12.2 - Other Thefts,2014,1518,55,1573,1070,87,1157,355,10,365,2,0,2,2945,152,3097
Punjab,"13 - Unlawful Assembly (Section 143,144 & 145)",2014,0,0,0,0,0,0,0,0,0,0,0,0,0,0,0
Punjab,"14 - Riots (Section 147, 148, 149, 150 & 151 IPC)",2014,0,0,0,0,0,0,0,0,0,0,0,0,0,0,0
Punjab,14.1 - Communal,2014,0,0,0,0,0,0,0,0,0,0,0,0,0,0,0
Punjab,14.2 - Industrial,2014,0,0,0,0,0,0,0,0,0,0,0,0,0,0,0
Punjab,14.3 - Political,2014,0,0,0,0,0,0,0,0,0,0,0,0,0,0,0
Punjab,14.4 - Caste Conflict,2014,0,0,0,0,0,0,0,0,0,0,0,0,0,0,0
Punjab,14.4.1 - SC/STs Vs. Non-SCs/STs,2014,0,0,0,0,0,0,0,0,0,0,0,0,0,0,0
Punjab,14.4.2 - Other Caste Riots,2014,0,0,0,0,0,0,0,0,0,0,0,0,0,0,0
Punjab,14.5 - Agrarian,2014,0,0,0,0,0,0,0,0,0,0,0,0,0,0,0
Punjab,14.6 - Students,2014,0,0,0,0,0,0,0,0,0,0,0,0,0,0,0
Punjab,14.7 - Sectarian,2014,0,0,0,0,0,0,0,0,0,0,0,0,0,0,0
Punjab,14.8 - Other Riots,2014,0,0,0,0,0,0,0,0,0,0,0,0,0,0,0
Punjab,15 - Criminal Breach of Trust (Section 406 to 409 IPC),2014,65,7,72,161,13,174,69,0,69,4,0,4,299,20,319
Punjab,16 - Cheating (Section 420 IPC),2014,1239,99,1338,2573,178,2751,1041,84,1125,33,10,43,4886,371,5257
Punjab,"17 - Forgery (Section 465, 468 & 471 IPC)",2014,9,1,10,36,2,38,12,2,14,1,0,1,58,5,63
Punjab,"18 - Counterfeiting (Section 231-235,237-240, 242-243, 255 and 489-A to 489-E IPC)",2014,12,0,12,29,2,31,4,0,4,0,0,0,45,2,47
Punjab,"18.1 - Offences related to Counterfeit Coin (Section 231-235,237, 238-240 & 242-243 IPC)",2014,0,0,0,0,0,0,0,0,0,0,0,0,0,0,0
Punjab,18.2 - Counterfeiting Government Stamp (Section 255 IPC),2014,0,0,0,0,0,0,0,0,0,0,0,0,0,0,0
Punjab,18.3 - Counterfeit currency & Bank notes (Section 489-A to 489-E IPC),2014,12,0,12,29,2,31,4,0,4,0,0,0,45,2,47
Punjab,18.3.1 - Counterfeiting currency notes or Bank notes (Section 489A IPC),2014,9,0,9,20,2,22,0,0,0,0,0,0,29,2,31
Punjab,18.3.2 - Using forged or counterfeit currency/Bank notes (Section 489B IPC),2014,0,0,0,1,0,1,1,0,1,0,0,0,2,0,2
Punjab,18.3.3 - Possession of forged or counterfeiting currency / Bank notes (Section 489C IPC),2014,0,0,0,2,0,2,1,0,1,0,0,0,3,0,3
Punjab,18.3.4 - Make/Possess materials for forging or counterfeiting currency/Bank notes (Section 489D IPC),2014,0,0,0,0,0,0,0,0,0,0,0,0,0,0,0
Punjab,18.3.5 - Make/Use documents resembling currency notes/Bank notes (Section 489 E IPC),2014,3,0,3,6,0,6,2,0,2,0,0,0,11,0,11
Punjab,19 - Arson (Section 435-436 & 438 IPC),2014,26,1,27,54,2,56,11,0,11,0,0,0,91,3,94
Punjab,"20 - Grievous Hurt (Section 325,326,326A & 326 B IPC)",2014,2075,186,2261,2312,248,2560,984,95,1079,15,2,17,5386,531,5917
Punjab,20.1 - Grievous Hurt (Section 325 & 326 IPC),2014,2067,186,2253,2307,248,2555,984,95,1079,15,2,17,5373,531,5904
Punjab,20.2 - Acid attack (Section 326A IPC),2014,6,0,6,5,0,5,0,0,0,0,0,0,11,0,11
Punjab,20.3 - Attempt to Acid Attack (Section 326B IPC),2014,2,0,2,0,0,0,0,0,0,0,0,0,2,0,2
Punjab,21 - Dowry Deaths (Section 304-B IPC),2014,46,10,56,67,30,97,19,14,33,0,0,0,132,54,186
Punjab,22 - Assault on women with intent to outrage her Modesty (Section 354 IPC),2014,774,14,788,421,24,445,26,1,27,0,0,0,1221,39,1260
Punjab,22.1 - Sexual Harassment (Section 354A IPC),2014,239,8,247,101,10,111,5,0,5,0,0,0,345,18,363
Punjab,22.2 - Assault on women with intent to Disrobe (Section 354B IPC),2014,44,0,44,15,0,15,1,0,1,0,0,0,60,0,60
Punjab,22.3 - Voyeurism (Section 354C IPC),2014,49,0,49,34,0,34,5,0,5,0,0,0,88,0,88
Punjab,22.4 - Stalking (Section 354D IPC),2014,39,0,39,15,0,15,0,0,0,0,0,0,54,0,54
Punjab,22.5 - Others,2014,403,6,409,256,14,270,15,1,16,0,0,0,674,21,695
Punjab,23 - Insult to the Modesty of Women (Section 509 IPC),2014,21,0,21,22,0,22,0,0,0,0,0,0,43,0,43
Punjab,23.1 - At Office premises,2014,0,0,0,0,0,0,0,0,0,0,0,0,0,0,0
Punjab,23.2 - Places related to work other than Office,2014,1,0,1,2,0,2,0,0,0,0,0,0,3,0,3
Punjab,23.3 - In Public Transport system,2014,0,0,0,0,0,0,0,0,0,0,0,0,0,0,0
Punjab,23.4 - in Other Places,2014,20,0,20,20,0,20,0,0,0,0,0,0,40,0,40
Punjab,24 - Cruelty by Husband or his Relatives (Section 498-A IPC),2014,833,151,984,866,266,1132,405,182,587,15,2,17,2119,601,2720
Punjab,25 - Importation of Girls from Foreign Country (Section 366-B IPC),2014,0,0,0,0,0,0,0,0,0,0,0,0,0,0,0
Punjab,26 - Causing Death by Negligence (Section 304-A IPC),2014,929,9,938,1066,9,1075,387,3,390,21,1,22,2403,22,2425
Punjab,26.1 - Deaths due to negligent driving/act,2014,915,9,924,1052,6,1058,387,3,390,21,1,22,2375,19,2394
Punjab,26.2 - Deaths due to Other Causes,2014,14,0,14,14,3,17,0,0,0,0,0,0,28,3,31
Punjab,"27 - Offences against State (Section 121, 121A, 122, 123, 124-A IPC)",2014,0,0,0,0,0,0,0,0,0,0,0,0,0,0,0
Punjab,27.1 - Sedition (Section 124A IPC),2014,0,0,0,0,0,0,0,0,0,0,0,0,0,0,0
Punjab,27.2 - Other offences against State,2014,0,0,0,0,0,0,0,0,0,0,0,0,0,0,0
Punjab,28 - Offences promoting enmity between different groups (Section 153A & 153B IPC),2014,0,0,0,0,0,0,0,0,0,0,0,0,0,0,0
Punjab,28.1 - Promoting enmity on ground of religion race and place of Birth (Section 153A IPC),2014,0,0,0,0,0,0,0,0,0,0,0,0,0,0,0
Punjab,28.2 - Imputation & assertions prejudicial to national integration (Section 153B IPC),2014,0,0,0,0,0,0,0,0,0,0,0,0,0,0,0
Punjab,29 - Extortion (Section 384 - 389 IPC),2014,14,1,15,25,1,26,0,0,0,0,0,0,39,2,41
Punjab,30 - Disclosure of Identity of Victims (Section 228 A IPC),2014,0,0,0,0,0,0,0,0,0,0,0,0,0,0,0
Punjab,31 - Incidence of Rash Driving (Section 279 IPC Read with 337 & 338),2014,578,3,581,540,2,542,226,2,228,7,0,7,1351,7,1358
Punjab,32 - Human Trafficking (Section 370 & 370A IPC),2014,0,0,0,0,0,0,1,0,1,0,0,0,1,0,1
Punjab,33 - Unnatural Offences U/s 377 IPC,2014,54,0,54,14,3,17,0,0,0,0,0,0,68,3,71
Punjab,34 - Other IPC crimes,2014,4381,235,4616,5136,379,5515,2048,140,2188,24,10,34,11589,764,12353
Punjab,35 - Total Cognizable IPC crimes,2014,17649,949,18598,18536,1562,20098,6803,623,7426,156,28,184,43144,3162,46306
Rajasthan,1 - Murder (Section 302 IPC),2014,786,48,834,792,77,869,397,33,430,31,1,32,2006,159,2165
Rajasthan,2 - Attempt to commit Murder (Section 307 IPC),2014,1863,59,1922,1609,75,1684,794,63,857,75,1,76,4341,198,4539
Rajasthan,3 - Culpable Homicide not amounting to Murder (Section 304 IPC),2014,28,0,28,43,1,44,15,0,15,0,0,0,86,1,87
Rajasthan,4 - Attempt to commit Culpable Homicide (Section 308 IPC),2014,161,3,164,160,6,166,85,0,85,0,0,0,406,9,415
Rajasthan,5 - Rape (Section 376 IPC),2014,1543,13,1556,804,25,829,276,15,291,1,1,2,2624,54,2678
Rajasthan,5.1 - Custodial Rape,2014,0,0,0,0,0,0,0,0,0,0,0,0,0,0,0
Rajasthan,5.1.1 - Gang Rape,2014,0,0,0,0,0,0,0,0,0,0,0,0,0,0,0
Rajasthan,5.1.2 - Other Rape,2014,0,0,0,0,0,0,0,0,0,0,0,0,0,0,0
Rajasthan,5.2 - Rape other than Custodial,2014,1543,13,1556,804,25,829,276,15,291,1,1,2,2624,54,2678
Rajasthan,5.2.1 - Gang Rape,2014,220,2,222,117,2,119,17,0,17,0,0,0,354,4,358
Rajasthan,5.2.2 - Other Rape,2014,1323,11,1334,687,23,710,259,15,274,1,1,2,2270,50,2320
Rajasthan,6 - Attempt to commit Rape (Section 376/511 IPC),2014,159,4,163,88,6,94,25,0,25,1,0,1,273,10,283
Rajasthan,"7 - Kidnapping & Abduction_Total (Section 3,364,364A, 366-369 IPC)",2014,1496,35,1531,885,48,933,286,14,300,2,3,5,2669,100,2769
Rajasthan,7.1 - Kidnapping & Abduction (Section 363 IPC),2014,284,10,294,136,9,145,28,1,29,0,1,1,448,21,469
Rajasthan,7.2 - Kidnaping & Abduction in order to Murder (Section 364 IPC),2014,23,0,23,11,0,11,4,0,4,0,0,0,38,0,38
Rajasthan,7.3 - Kidnapping for Ransom (Section 364A IPC),2014,23,1,24,27,2,29,3,0,3,0,0,0,53,3,56
Rajasthan,7.4 - Kidnapping & Abduction of Women to compel her for marriage (Section 366 IPC),2014,567,15,582,328,20,348,92,6,98,2,0,2,989,41,1030
Rajasthan,7.5 - Other Kidnapping,2014,599,9,608,383,17,400,159,7,166,0,2,2,1141,35,1176
Rajasthan,"8 - Dacoity (Section 395,396-398 IPC)",2014,173,0,173,78,0,78,12,0,12,0,0,0,263,0,263
Rajasthan,8.1 - Dacoity with Murder (Section 396 IPC),2014,5,0,5,0,0,0,0,0,0,0,0,0,5,0,5
Rajasthan,8.2 - Other Dacoity,2014,168,0,168,78,0,78,12,0,12,0,0,0,258,0,258
Rajasthan,9 - Making Preparation and Assembly for committing Dacoity (Section 399 & 402 IPC),2014,316,0,316,161,6,167,25,0,25,0,0,0,502,6,508
Rajasthan,"10 - Robbery (Section 392 to 394, 397 and 398 IPC)",2014,1125,9,1134,523,8,531,186,8,194,2,1,3,1836,26,1862
Rajasthan,11 - Criminal Trespass/Burglary_Total (Section 453 to 460 IPC),2014,1552,17,1569,996,25,1021,435,69,504,10,0,10,2993,111,3104
Rajasthan,"11.1 - Criminal Trespass/Burglary (Section 455, 457 & 458 IPC)",2014,1103,11,1114,671,13,684,293,58,351,6,0,6,2073,82,2155
Rajasthan,"11.2 - House Trespass & House Breaking (Section 453,454,456,459 & 460 IPC)",2014,449,6,455,325,12,337,142,11,153,4,0,4,920,29,949
Rajasthan,12 - Theft (Section 379 to 382 IPC),2014,5149,111,5260,2761,78,2839,1001,29,1030,15,8,23,8926,226,9152
Rajasthan,12.1 - Auto Theft,2014,2162,1,2163,1032,0,1032,256,0,256,1,0,1,3451,1,3452
Rajasthan,12.2 - Other Thefts,2014,2987,110,3097,1729,78,1807,745,29,774,14,8,22,5475,225,5700
Rajasthan,"13 - Unlawful Assembly (Section 143,144 & 145)",2014,5258,538,5796,3929,696,4625,1928,231,2159,202,27,229,11317,1492,12809
Rajasthan,"14 - Riots (Section 147, 148, 149, 150 & 151 IPC)",2014,793,66,859,991,125,1116,379,43,422,61,4,65,2224,238,2462
Rajasthan,14.1 - Communal,2014,17,1,18,16,3,19,1,1,2,0,0,0,34,5,39
Rajasthan,14.2 - Industrial,2014,4,0,4,12,0,12,0,0,0,0,0,0,16,0,16
Rajasthan,14.3 - Political,2014,0,0,0,0,0,0,0,0,0,0,0,0,0,0,0
Rajasthan,14.4 - Caste Conflict,2014,0,0,0,0,0,0,0,0,0,0,0,0,0,0,0
Rajasthan,14.4.1 - SC/STs Vs. Non-SCs/STs,2014,0,0,0,0,0,0,0,0,0,0,0,0,0,0,0
Rajasthan,14.4.2 - Other Caste Riots,2014,0,0,0,0,0,0,0,0,0,0,0,0,0,0,0
Rajasthan,14.5 - Agrarian,2014,73,3,76,81,5,86,15,1,16,3,0,3,172,9,181
Rajasthan,14.6 - Students,2014,0,0,0,0,0,0,0,0,0,0,0,0,0,0,0
Rajasthan,14.7 - Sectarian,2014,0,0,0,0,0,0,0,0,0,0,0,0,0,0,0
Rajasthan,14.8 - Other Riots,2014,699,62,761,882,117,999,363,41,404,58,4,62,2002,224,2226
Rajasthan,15 - Criminal Breach of Trust (Section 406 to 409 IPC),2014,68,1,69,120,5,125,45,1,46,5,1,6,238,8,246
Rajasthan,16 - Cheating (Section 420 IPC),2014,1230,72,1302,2184,145,2329,1408,115,1523,188,22,210,5010,354,5364
Rajasthan,"17 - Forgery (Section 465, 468 & 471 IPC)",2014,355,14,369,544,24,568,290,15,305,27,3,30,1216,56,1272
Rajasthan,"18 - Counterfeiting (Section 231-235,237-240, 242-243, 255 and 489-A to 489-E IPC)",2014,10,0,10,38,1,39,3,0,3,0,0,0,51,1,52
Rajasthan,"18.1 - Offences related to Counterfeit Coin (Section 231-235,237, 238-240 & 242-243 IPC)",2014,1,0,1,4,0,4,0,0,0,0,0,0,5,0,5
Rajasthan,18.2 - Counterfeiting Government Stamp (Section 255 IPC),2014,0,0,0,0,0,0,0,0,0,0,0,0,0,0,0
Rajasthan,18.3 - Counterfeit currency & Bank notes (Section 489-A to 489-E IPC),2014,9,0,9,34,1,35,3,0,3,0,0,0,46,1,47
Rajasthan,18.3.1 - Counterfeiting currency notes or Bank notes (Section 489A IPC),2014,3,0,3,24,0,24,0,0,0,0,0,0,27,0,27
Rajasthan,18.3.2 - Using forged or counterfeit currency/Bank notes (Section 489B IPC),2014,5,0,5,9,1,10,2,0,2,0,0,0,16,1,17
Rajasthan,18.3.3 - Possession of forged or counterfeiting currency / Bank notes (Section 489C IPC),2014,1,0,1,1,0,1,1,0,1,0,0,0,3,0,3
Rajasthan,18.3.4 - Make/Possess materials for forging or counterfeiting currency/Bank notes (Section 489D IPC),2014,0,0,0,0,0,0,0,0,0,0,0,0,0,0,0
Rajasthan,18.3.5 - Make/Use documents resembling currency notes/Bank notes (Section 489 E IPC),2014,0,0,0,0,0,0,0,0,0,0,0,0,0,0,0
Rajasthan,19 - Arson (Section 435-436 & 438 IPC),2014,194,7,201,203,5,208,82,2,84,8,0,8,487,14,501
Rajasthan,"20 - Grievous Hurt (Section 325,326,326A & 326 B IPC)",2014,2568,121,2689,1691,144,1835,844,66,910,88,1,89,5191,332,5523
Rajasthan,20.1 - Grievous Hurt (Section 325 & 326 IPC),2014,2558,121,2679,1688,144,1832,844,66,910,88,1,89,5178,332,5510
Rajasthan,20.2 - Acid attack (Section 326A IPC),2014,10,0,10,3,0,3,0,0,0,0,0,0,13,0,13
Rajasthan,20.3 - Attempt to Acid Attack (Section 326B IPC),2014,0,0,0,0,0,0,0,0,0,0,0,0,0,0,0
Rajasthan,21 - Dowry Deaths (Section 304-B IPC),2014,181,7,188,152,42,194,90,42,132,11,3,14,434,94,528
Rajasthan,22 - Assault on women with intent to outrage her Modesty (Section 354 IPC),2014,2898,55,2953,1716,83,1799,960,34,994,30,2,32,5604,174,5778
Rajasthan,22.1 - Sexual Harassment (Section 354A IPC),2014,191,5,196,160,5,165,460,0,460,2,0,2,813,10,823
Rajasthan,22.2 - Assault on women with intent to Disrobe (Section 354B IPC),2014,106,6,112,48,10,58,66,2,68,0,0,0,220,18,238
Rajasthan,22.3 - Voyeurism (Section 354C IPC),2014,17,0,17,4,0,4,5,0,5,0,0,0,26,0,26
Rajasthan,22.4 - Stalking (Section 354D IPC),2014,54,0,54,15,0,15,5,0,5,0,0,0,74,0,74
Rajasthan,22.5 - Others,2014,2530,44,2574,1489,68,1557,424,32,456,28,2,30,4471,146,4617
Rajasthan,23 - Insult to the Modesty of Women (Section 509 IPC),2014,8,0,8,3,0,3,1,0,1,0,0,0,12,0,12
Rajasthan,23.1 - At Office premises,2014,0,0,0,0,0,0,0,0,0,0,0,0,0,0,0
Rajasthan,23.2 - Places related to work other than Office,2014,0,0,0,0,0,0,0,0,0,0,0,0,0,0,0
Rajasthan,23.3 - In Public Transport system,2014,0,0,0,1,0,1,0,0,0,0,0,0,1,0,1
Rajasthan,23.4 - in Other Places,2014,8,0,8,2,0,2,1,0,1,0,0,0,11,0,11
Rajasthan,24 - Cruelty by Husband or his Relatives (Section 498-A IPC),2014,4593,270,4863,3105,658,3763,1868,692,2560,251,123,374,9817,1743,11560
Rajasthan,25 - Importation of Girls from Foreign Country (Section 366-B IPC),2014,0,0,0,0,0,0,0,0,0,0,0,0,0,0,0
Rajasthan,26 - Causing Death by Negligence (Section 304-A IPC),2014,2838,6,2844,3399,4,3403,1436,0,1436,68,0,68,7741,10,7751
Rajasthan,26.1 - Deaths due to negligent driving/act,2014,2827,6,2833,3368,4,3372,1420,0,1420,68,0,68,7683,10,7693
Rajasthan,26.2 - Deaths due to Other Causes,2014,11,0,11,31,0,31,16,0,16,0,0,0,58,0,58
Rajasthan,"27 - Offences against State (Section 121, 121A, 122, 123, 124-A IPC)",2014,0,0,0,0,0,0,0,0,0,0,0,0,0,0,0
Rajasthan,27.1 - Sedition (Section 124A IPC),2014,0,0,0,0,0,0,0,0,0,0,0,0,0,0,0
Rajasthan,27.2 - Other offences against State,2014,0,0,0,0,0,0,0,0,0,0,0,0,0,0,0
Rajasthan,28 - Offences promoting enmity between different groups (Section 153A & 153B IPC),2014,6,0,6,18,0,18,5,0,5,0,0,0,29,0,29
Rajasthan,28.1 - Promoting enmity on ground of religion race and place of Birth (Section 153A IPC),2014,6,0,6,18,0,18,5,0,5,0,0,0,29,0,29
Rajasthan,28.2 - Imputation & assertions prejudicial to national integration (Section 153B IPC),2014,0,0,0,0,0,0,0,0,0,0,0,0,0,0,0
Rajasthan,29 - Extortion (Section 384 - 389 IPC),2014,138,7,145,155,8,163,70,5,75,0,1,1,363,21,384
Rajasthan,30 - Disclosure of Identity of Victims (Section 228 A IPC),2014,0,0,0,0,0,0,0,0,0,0,0,0,0,0,0
Rajasthan,31 - Incidence of Rash Driving (Section 279 IPC Read with 337 & 338),2014,5615,34,5649,5128,39,5167,1836,14,1850,133,1,134,12712,88,12800
Rajasthan,32 - Human Trafficking (Section 370 & 370A IPC),2014,6,0,6,7,2,9,1,0,1,0,0,0,14,2,16
Rajasthan,33 - Unnatural Offences U/s 377 IPC,2014,19,0,19,11,1,12,4,0,4,0,0,0,34,1,35
Rajasthan,34 - Other IPC crimes,2014,39195,2938,42133,34352,3698,38050,23268,3800,27068,2371,161,2532,99186,10597,109783
Rajasthan,35 - Total Cognizable IPC crimes,2014,80324,4435,84759,66646,6035,72681,38055,5291,43346,3580,364,3944,188605,16125,204730
Sikkim,1 - Murder (Section 302 IPC),2014,15,0,15,7,0,7,3,1,4,0,0,0,25,1,26
Sikkim,2 - Attempt to commit Murder (Section 307 IPC),2014,9,0,9,6,0,6,0,0,0,0,0,0,15,0,15
Sikkim,3 - Culpable Homicide not amounting to Murder (Section 304 IPC),2014,2,0,2,1,0,1,0,0,0,1,0,1,4,0,4
Sikkim,4 - Attempt to commit Culpable Homicide (Section 308 IPC),2014,0,0,0,0,0,0,0,0,0,0,0,0,0,0,0
Sikkim,5 - Rape (Section 376 IPC),2014,81,0,81,14,0,14,7,0,7,2,0,2,104,0,104
Sikkim,5.1 - Custodial Rape,2014,0,0,0,0,0,0,0,0,0,0,0,0,0,0,0
Sikkim,5.1.1 - Gang Rape,2014,0,0,0,0,0,0,0,0,0,0,0,0,0,0,0
Sikkim,5.1.2 - Other Rape,2014,0,0,0,0,0,0,0,0,0,0,0,0,0,0,0
Sikkim,5.2 - Rape other than Custodial,2014,81,0,81,14,0,14,7,0,7,2,0,2,104,0,104
Sikkim,5.2.1 - Gang Rape,2014,2,0,2,0,0,0,0,0,0,0,0,0,2,0,2
Sikkim,5.2.2 - Other Rape,2014,79,0,79,14,0,14,7,0,7,2,0,2,102,0,102
Sikkim,6 - Attempt to commit Rape (Section 376/511 IPC),2014,4,0,4,4,0,4,2,0,2,0,0,0,10,0,10
Sikkim,"7 - Kidnapping & Abduction_Total (Section 3,364,364A, 366-369 IPC)",2014,21,0,21,14,1,15,0,0,0,0,0,0,35,1,36
Sikkim,7.1 - Kidnapping & Abduction (Section 363 IPC),2014,7,0,7,6,0,6,0,0,0,0,0,0,13,0,13
Sikkim,7.2 - Kidnaping & Abduction in order to Murder (Section 364 IPC),2014,0,0,0,0,0,0,0,0,0,0,0,0,0,0,0
Sikkim,7.3 - Kidnapping for Ransom (Section 364A IPC),2014,0,0,0,0,0,0,0,0,0,0,0,0,0,0,0
Sikkim,7.4 - Kidnapping & Abduction of Women to compel her for marriage (Section 366 IPC),2014,0,0,0,0,0,0,0,0,0,0,0,0,0,0,0
Sikkim,7.5 - Other Kidnapping,2014,14,0,14,8,1,9,0,0,0,0,0,0,22,1,23
Sikkim,"8 - Dacoity (Section 395,396-398 IPC)",2014,5,0,5,1,0,1,0,0,0,0,0,0,6,0,6
Sikkim,8.1 - Dacoity with Murder (Section 396 IPC),2014,0,0,0,0,0,0,0,0,0,0,0,0,0,0,0
Sikkim,8.2 - Other Dacoity,2014,5,0,5,1,0,1,0,0,0,0,0,0,6,0,6
Sikkim,9 - Making Preparation and Assembly for committing Dacoity (Section 399 & 402 IPC),2014,0,0,0,0,0,0,0,0,0,0,0,0,0,0,0
Sikkim,"10 - Robbery (Section 392 to 394, 397 and 398 IPC)",2014,9,0,9,15,0,15,0,0,0,0,0,0,24,0,24
Sikkim,11 - Criminal Trespass/Burglary_Total (Section 453 to 460 IPC),2014,82,1,83,30,1,31,1,0,1,0,0,0,113,2,115
Sikkim,"11.1 - Criminal Trespass/Burglary (Section 455, 457 & 458 IPC)",2014,57,1,58,22,0,22,1,0,1,0,0,0,80,1,81
Sikkim,"11.2 - House Trespass & House Breaking (Section 453,454,456,459 & 460 IPC)",2014,25,0,25,8,1,9,0,0,0,0,0,0,33,1,34
Sikkim,12 - Theft (Section 379 to 382 IPC),2014,89,0,89,50,0,50,1,0,1,0,0,0,140,0,140
Sikkim,12.1 - Auto Theft,2014,9,0,9,4,0,4,0,0,0,0,0,0,13,0,13
Sikkim,12.2 - Other Thefts,2014,80,0,80,46,0,46,1,0,1,0,0,0,127,0,127
Sikkim,"13 - Unlawful Assembly (Section 143,144 & 145)",2014,11,0,11,6,0,6,0,0,0,0,0,0,17,0,17
Sikkim,"14 - Riots (Section 147, 148, 149, 150 & 151 IPC)",2014,346,47,393,263,25,288,50,10,60,6,0,6,665,82,747
Sikkim,14.1 - Communal,2014,3,0,3,0,0,0,0,0,0,0,0,0,3,0,3
Sikkim,14.2 - Industrial,2014,0,0,0,0,0,0,0,0,0,0,0,0,0,0,0
Sikkim,14.3 - Political,2014,262,24,286,255,25,280,48,9,57,6,0,6,571,58,629
Sikkim,14.4 - Caste Conflict,2014,8,3,11,4,0,4,2,1,3,0,0,0,14,4,18
Sikkim,14.4.1 - SC/STs Vs. Non-SCs/STs,2014,0,0,0,0,0,0,0,0,0,0,0,0,0,0,0
Sikkim,14.4.2 - Other Caste Riots,2014,8,3,11,4,0,4,2,1,3,0,0,0,14,4,18
Sikkim,14.5 - Agrarian,2014,0,0,0,0,0,0,0,0,0,0,0,0,0,0,0
Sikkim,14.6 - Students,2014,54,20,74,0,0,0,0,0,0,0,0,0,54,20,74
Sikkim,14.7 - Sectarian,2014,0,0,0,0,0,0,0,0,0,0,0,0,0,0,0
Sikkim,14.8 - Other Riots,2014,19,0,19,4,0,4,0,0,0,0,0,0,23,0,23
Sikkim,15 - Criminal Breach of Trust (Section 406 to 409 IPC),2014,6,0,6,8,0,8,0,0,0,0,0,0,14,0,14
Sikkim,16 - Cheating (Section 420 IPC),2014,29,0,29,38,0,38,1,0,1,0,0,0,68,0,68
Sikkim,"17 - Forgery (Section 465, 468 & 471 IPC)",2014,5,0,5,2,0,2,0,0,0,0,0,0,7,0,7
Sikkim,"18 - Counterfeiting (Section 231-235,237-240, 242-243, 255 and 489-A to 489-E IPC)",2014,1,0,1,2,1,3,1,0,1,0,0,0,4,1,5
Sikkim,"18.1 - Offences related to Counterfeit Coin (Section 231-235,237, 238-240 & 242-243 IPC)",2014,0,0,0,0,0,0,0,0,0,0,0,0,0,0,0
Sikkim,18.2 - Counterfeiting Government Stamp (Section 255 IPC),2014,0,0,0,0,0,0,0,0,0,0,0,0,0,0,0
Sikkim,18.3 - Counterfeit currency & Bank notes (Section 489-A to 489-E IPC),2014,1,0,1,2,1,3,1,0,1,0,0,0,4,1,5
Sikkim,18.3.1 - Counterfeiting currency notes or Bank notes (Section 489A IPC),2014,0,0,0,0,0,0,0,0,0,0,0,0,0,0,0
Sikkim,18.3.2 - Using forged or counterfeit currency/Bank notes (Section 489B IPC),2014,1,0,1,2,1,3,1,0,1,0,0,0,4,1,5
Sikkim,18.3.3 - Possession of forged or counterfeiting currency / Bank notes (Section 489C IPC),2014,0,0,0,0,0,0,0,0,0,0,0,0,0,0,0
Sikkim,18.3.4 - Make/Possess materials for forging or counterfeiting currency/Bank notes (Section 489D IPC),2014,0,0,0,0,0,0,0,0,0,0,0,0,0,0,0
Sikkim,18.3.5 - Make/Use documents resembling currency notes/Bank notes (Section 489 E IPC),2014,0,0,0,0,0,0,0,0,0,0,0,0,0,0,0
Sikkim,19 - Arson (Section 435-436 & 438 IPC),2014,3,0,3,6,0,6,0,0,0,0,0,0,9,0,9
Sikkim,"20 - Grievous Hurt (Section 325,326,326A & 326 B IPC)",2014,46,0,46,31,1,32,2,0,2,0,0,0,79,1,80
Sikkim,20.1 - Grievous Hurt (Section 325 & 326 IPC),2014,45,0,45,30,1,31,2,0,2,0,0,0,77,1,78
Sikkim,20.2 - Acid attack (Section 326A IPC),2014,1,0,1,1,0,1,0,0,0,0,0,0,2,0,2
Sikkim,20.3 - Attempt to Acid Attack (Section 326B IPC),2014,0,0,0,0,0,0,0,0,0,0,0,0,0,0,0
Sikkim,21 - Dowry Deaths (Section 304-B IPC),2014,0,0,0,0,0,0,0,0,0,0,0,0,0,0,0
Sikkim,22 - Assault on women with intent to outrage her Modesty (Section 354 IPC),2014,22,0,22,23,0,23,5,0,5,1,0,1,51,0,51
Sikkim,22.1 - Sexual Harassment (Section 354A IPC),2014,8,0,8,3,0,3,4,0,4,1,0,1,16,0,16
Sikkim,22.2 - Assault on women with intent to Disrobe (Section 354B IPC),2014,0,0,0,1,0,1,0,0,0,0,0,0,1,0,1
Sikkim,22.3 - Voyeurism (Section 354C IPC),2014,0,0,0,0,0,0,0,0,0,0,0,0,0,0,0
Sikkim,22.4 - Stalking (Section 354D IPC),2014,4,0,4,0,0,0,0,0,0,0,0,0,4,0,4
Sikkim,22.5 - Others,2014,10,0,10,19,0,19,1,0,1,0,0,0,30,0,30
Sikkim,23 - Insult to the Modesty of Women (Section 509 IPC),2014,1,0,1,2,0,2,0,0,0,0,0,0,3,0,3
Sikkim,23.1 - At Office premises,2014,0,0,0,0,0,0,0,0,0,0,0,0,0,0,0
Sikkim,23.2 - Places related to work other than Office,2014,0,0,0,0,0,0,0,0,0,0,0,0,0,0,0
Sikkim,23.3 - In Public Transport system,2014,0,0,0,0,0,0,0,0,0,0,0,0,0,0,0
Sikkim,23.4 - in Other Places,2014,1,0,1,2,0,2,0,0,0,0,0,0,3,0,3
Sikkim,24 - Cruelty by Husband or his Relatives (Section 498-A IPC),2014,2,0,2,3,0,3,0,1,1,0,0,0,5,1,6
Sikkim,25 - Importation of Girls from Foreign Country (Section 366-B IPC),2014,0,0,0,0,0,0,0,0,0,0,0,0,0,0,0
Sikkim,26 - Causing Death by Negligence (Section 304-A IPC),2014,54,1,55,27,0,27,1,0,1,0,0,0,82,1,83
Sikkim,26.1 - Deaths due to negligent driving/act,2014,54,0,54,26,0,26,0,0,0,0,0,0,80,0,80
Sikkim,26.2 - Deaths due to Other Causes,2014,0,1,1,1,0,1,1,0,1,0,0,0,2,1,3
Sikkim,"27 - Offences against State (Section 121, 121A, 122, 123, 124-A IPC)",2014,0,0,0,0,0,0,0,0,0,0,0,0,0,0,0
Sikkim,27.1 - Sedition (Section 124A IPC),2014,0,0,0,0,0,0,0,0,0,0,0,0,0,0,0
Sikkim,27.2 - Other offences against State,2014,0,0,0,0,0,0,0,0,0,0,0,0,0,0,0
Sikkim,28 - Offences promoting enmity between different groups (Section 153A & 153B IPC),2014,0,0,0,0,0,0,0,0,0,0,0,0,0,0,0
Sikkim,28.1 - Promoting enmity on ground of religion race and place of Birth (Section 153A IPC),2014,0,0,0,0,0,0,0,0,0,0,0,0,0,0,0
Sikkim,28.2 - Imputation & assertions prejudicial to national integration (Section 153B IPC),2014,0,0,0,0,0,0,0,0,0,0,0,0,0,0,0
Sikkim,29 - Extortion (Section 384 - 389 IPC),2014,3,0,3,1,0,1,0,0,0,0,0,0,4,0,4
Sikkim,30 - Disclosure of Identity of Victims (Section 228 A IPC),2014,0,0,0,0,0,0,0,0,0,0,0,0,0,0,0
Sikkim,31 - Incidence of Rash Driving (Section 279 IPC Read with 337 & 338),2014,98,0,98,62,0,62,4,0,4,1,0,1,165,0,165
Sikkim,32 - Human Trafficking (Section 370 & 370A IPC),2014,0,0,0,0,0,0,0,0,0,0,0,0,0,0,0
Sikkim,33 - Unnatural Offences U/s 377 IPC,2014,0,0,0,1,0,1,0,0,0,0,0,0,1,0,1
Sikkim,34 - Other IPC crimes,2014,110,14,124,152,8,160,13,4,17,0,0,0,275,26,301
Sikkim,35 - Total Cognizable IPC crimes,2014,1054,63,1117,769,37,806,91,16,107,11,0,11,1925,116,2041
Tamil Nadu,1 - Murder (Section 302 IPC),2014,1538,52,1590,1736,154,1890,616,42,658,63,3,66,3953,251,4204
Tamil Nadu,2 - Attempt to commit Murder (Section 307 IPC),2014,2207,57,2264,2473,132,2605,1266,44,1310,110,2,112,6056,235,6291
Tamil Nadu,3 - Culpable Homicide not amounting to Murder (Section 304 IPC),2014,4,2,6,43,4,47,11,1,12,1,0,1,59,7,66
Tamil Nadu,4 - Attempt to commit Culpable Homicide (Section 308 IPC),2014,0,0,0,0,0,0,0,0,0,0,0,0,0,0,0
Tamil Nadu,5 - Rape (Section 376 IPC),2014,428,4,432,241,17,258,55,7,62,0,0,0,724,28,752
Tamil Nadu,5.1 - Custodial Rape,2014,0,0,0,0,0,0,0,0,0,0,0,0,0,0,0
Tamil Nadu,5.1.1 - Gang Rape,2014,0,0,0,0,0,0,0,0,0,0,0,0,0,0,0
Tamil Nadu,5.1.2 - Other Rape,2014,0,0,0,0,0,0,0,0,0,0,0,0,0,0,0
Tamil Nadu,5.2 - Rape other than Custodial,2014,428,4,432,241,17,258,55,7,62,0,0,0,724,28,752
Tamil Nadu,5.2.1 - Gang Rape,2014,6,0,6,0,0,0,0,0,0,0,0,0,6,0,6
Tamil Nadu,5.2.2 - Other Rape,2014,422,4,426,241,17,258,55,7,62,0,0,0,718,28,746
Tamil Nadu,6 - Attempt to commit Rape (Section 376/511 IPC),2014,14,0,14,3,0,3,1,0,1,0,0,0,18,0,18
Tamil Nadu,"7 - Kidnapping & Abduction_Total (Section 3,364,364A, 366-369 IPC)",2014,950,21,971,723,49,772,199,15,214,2,0,2,1874,85,1959
Tamil Nadu,7.1 - Kidnapping & Abduction (Section 363 IPC),2014,159,5,164,142,19,161,37,0,37,0,0,0,338,24,362
Tamil Nadu,7.2 - Kidnaping & Abduction in order to Murder (Section 364 IPC),2014,0,0,0,0,0,0,0,0,0,0,0,0,0,0,0
Tamil Nadu,7.3 - Kidnapping for Ransom (Section 364A IPC),2014,6,0,6,9,0,9,0,0,0,0,0,0,15,0,15
Tamil Nadu,7.4 - Kidnapping & Abduction of Women to compel her for marriage (Section 366 IPC),2014,553,12,565,395,16,411,127,8,135,2,0,2,1077,36,1113
Tamil Nadu,7.5 - Other Kidnapping,2014,232,4,236,177,14,191,35,7,42,0,0,0,444,25,469
Tamil Nadu,"8 - Dacoity (Section 395,396-398 IPC)",2014,268,0,268,183,3,186,24,0,24,1,0,1,476,3,479
Tamil Nadu,8.1 - Dacoity with Murder (Section 396 IPC),2014,0,0,0,0,0,0,0,0,0,0,0,0,0,0,0
Tamil Nadu,8.2 - Other Dacoity,2014,268,0,268,183,3,186,24,0,24,1,0,1,476,3,479
Tamil Nadu,9 - Making Preparation and Assembly for committing Dacoity (Section 399 & 402 IPC),2014,157,0,157,131,0,131,23,0,23,0,0,0,311,0,311
Tamil Nadu,"10 - Robbery (Section 392 to 394, 397 and 398 IPC)",2014,1245,13,1258,819,14,833,237,2,239,4,0,4,2305,29,2334
Tamil Nadu,11 - Criminal Trespass/Burglary_Total (Section 453 to 460 IPC),2014,3802,18,3820,2557,28,2585,893,2,895,37,0,37,7289,48,7337
Tamil Nadu,"11.1 - Criminal Trespass/Burglary (Section 455, 457 & 458 IPC)",2014,2015,13,2028,1406,10,1416,557,0,557,12,0,12,3990,23,4013
Tamil Nadu,"11.2 - House Trespass & House Breaking (Section 453,454,456,459 & 460 IPC)",2014,1787,5,1792,1151,18,1169,336,2,338,25,0,25,3299,25,3324
Tamil Nadu,12 - Theft (Section 379 to 382 IPC),2014,10424,236,10660,5777,263,6040,1871,75,1946,55,1,56,18127,575,18702
Tamil Nadu,12.1 - Auto Theft,2014,3742,2,3744,1961,2,1963,654,0,654,4,0,4,6361,4,6365
Tamil Nadu,12.2 - Other Thefts,2014,6682,234,6916,3816,261,4077,1217,75,1292,51,1,52,11766,571,12337
Tamil Nadu,"13 - Unlawful Assembly (Section 143,144 & 145)",2014,4856,83,4939,4010,439,4449,999,143,1142,129,0,129,9994,665,10659
Tamil Nadu,"14 - Riots (Section 147, 148, 149, 150 & 151 IPC)",2014,4830,339,5169,3959,424,4383,1686,176,1862,154,15,169,10629,954,11583
Tamil Nadu,14.1 - Communal,2014,201,0,201,261,5,266,79,0,79,0,0,0,541,5,546
Tamil Nadu,14.2 - Industrial,2014,0,0,0,0,0,0,0,0,0,0,0,0,0,0,0
Tamil Nadu,14.3 - Political,2014,15,0,15,25,0,25,15,0,15,0,0,0,55,0,55
Tamil Nadu,14.4 - Caste Conflict,2014,298,4,302,320,52,372,86,26,112,4,0,4,708,82,790
Tamil Nadu,14.4.1 - SC/STs Vs. Non-SCs/STs,2014,121,0,121,90,10,100,12,0,12,0,0,0,223,10,233
Tamil Nadu,14.4.2 - Other Caste Riots,2014,177,4,181,230,42,272,74,26,100,4,0,4,485,72,557
Tamil Nadu,14.5 - Agrarian,2014,0,0,0,0,0,0,0,0,0,0,0,0,0,0,0
Tamil Nadu,14.6 - Students,2014,66,0,66,0,0,0,0,0,0,0,0,0,66,0,66
Tamil Nadu,14.7 - Sectarian,2014,18,0,18,14,0,14,3,0,3,0,0,0,35,0,35
Tamil Nadu,14.8 - Other Riots,2014,4232,335,4567,3339,367,3706,1503,150,1653,150,15,165,9224,867,10091
Tamil Nadu,15 - Criminal Breach of Trust (Section 406 to 409 IPC),2014,60,2,62,197,9,206,61,0,61,3,0,3,321,11,332
Tamil Nadu,16 - Cheating (Section 420 IPC),2014,1163,40,1203,2340,149,2489,1119,63,1182,89,2,91,4711,254,4965
Tamil Nadu,"17 - Forgery (Section 465, 468 & 471 IPC)",2014,48,1,49,100,3,103,46,1,47,0,0,0,194,5,199
Tamil Nadu,"18 - Counterfeiting (Section 231-235,237-240, 242-243, 255 and 489-A to 489-E IPC)",2014,63,1,64,117,1,118,18,0,18,2,0,2,200,2,202
Tamil Nadu,"18.1 - Offences related to Counterfeit Coin (Section 231-235,237, 238-240 & 242-243 IPC)",2014,0,0,0,0,0,0,0,0,0,0,0,0,0,0,0
Tamil Nadu,18.2 - Counterfeiting Government Stamp (Section 255 IPC),2014,0,0,0,0,0,0,0,0,0,0,0,0,0,0,0
Tamil Nadu,18.3 - Counterfeit currency & Bank notes (Section 489-A to 489-E IPC),2014,63,1,64,117,1,118,18,0,18,2,0,2,200,2,202
Tamil Nadu,18.3.1 - Counterfeiting currency notes or Bank notes (Section 489A IPC),2014,8,1,9,43,0,43,11,0,11,1,0,1,63,1,64
Tamil Nadu,18.3.2 - Using forged or counterfeit currency/Bank notes (Section 489B IPC),2014,53,0,53,64,1,65,3,0,3,0,0,0,120,1,121
Tamil Nadu,18.3.3 - Possession of forged or counterfeiting currency / Bank notes (Section 489C IPC),2014,2,0,2,10,0,10,4,0,4,1,0,1,17,0,17
Tamil Nadu,18.3.4 - Make/Possess materials for forging or counterfeiting currency/Bank notes (Section 489D IPC),2014,0,0,0,0,0,0,0,0,0,0,0,0,0,0,0
Tamil Nadu,18.3.5 - Make/Use documents resembling currency notes/Bank notes (Section 489 E IPC),2014,0,0,0,0,0,0,0,0,0,0,0,0,0,0,0
Tamil Nadu,19 - Arson (Section 435-436 & 438 IPC),2014,227,4,231,419,21,440,119,1,120,4,0,4,769,26,795
Tamil Nadu,"20 - Grievous Hurt (Section 325,326,326A & 326 B IPC)",2014,1148,32,1180,1204,80,1284,989,13,1002,54,1,55,3395,126,3521
Tamil Nadu,20.1 - Grievous Hurt (Section 325 & 326 IPC),2014,1146,30,1176,1202,78,1280,989,13,1002,53,1,54,3390,122,3512
Tamil Nadu,20.2 - Acid attack (Section 326A IPC),2014,2,2,4,2,2,4,0,0,0,1,0,1,5,4,9
Tamil Nadu,20.3 - Attempt to Acid Attack (Section 326B IPC),2014,0,0,0,0,0,0,0,0,0,0,0,0,0,0,0
Tamil Nadu,21 - Dowry Deaths (Section 304-B IPC),2014,99,18,117,101,36,137,23,13,36,1,1,2,224,68,292
Tamil Nadu,22 - Assault on women with intent to outrage her Modesty (Section 354 IPC),2014,679,33,712,480,64,544,244,88,332,27,1,28,1430,186,1616
Tamil Nadu,22.1 - Sexual Harassment (Section 354A IPC),2014,35,2,37,18,1,19,2,0,2,0,0,0,55,3,58
Tamil Nadu,22.2 - Assault on women with intent to Disrobe (Section 354B IPC),2014,44,0,44,1,0,1,30,0,30,22,0,22,97,0,97
Tamil Nadu,22.3 - Voyeurism (Section 354C IPC),2014,1,0,1,0,0,0,0,0,0,0,0,0,1,0,1
Tamil Nadu,22.4 - Stalking (Section 354D IPC),2014,0,0,0,1,0,1,0,0,0,0,0,0,1,0,1
Tamil Nadu,22.5 - Others,2014,599,31,630,460,63,523,212,88,300,5,1,6,1276,183,1459
Tamil Nadu,23 - Insult to the Modesty of Women (Section 509 IPC),2014,312,0,312,107,0,107,0,0,0,0,0,0,419,0,419
Tamil Nadu,23.1 - At Office premises,2014,0,0,0,2,0,2,0,0,0,0,0,0,2,0,2
Tamil Nadu,23.2 - Places related to work other than Office,2014,253,0,253,52,0,52,0,0,0,0,0,0,305,0,305
Tamil Nadu,23.3 - In Public Transport system,2014,0,0,0,0,0,0,0,0,0,0,0,0,0,0,0
Tamil Nadu,23.4 - in Other Places,2014,59,0,59,53,0,53,0,0,0,0,0,0,112,0,112
Tamil Nadu,24 - Cruelty by Husband or his Relatives (Section 498-A IPC),2014,834,162,996,1135,412,1547,438,206,644,64,39,103,2471,819,3290
Tamil Nadu,25 - Importation of Girls from Foreign Country (Section 366-B IPC),2014,0,0,0,0,0,0,0,0,0,0,0,0,0,0,0
Tamil Nadu,26 - Causing Death by Negligence (Section 304-A IPC),2014,6254,18,6272,6855,7,6862,2623,1,2624,248,0,248,15980,26,16006
Tamil Nadu,26.1 - Deaths due to negligent driving/act,2014,6156,18,6174,6749,5,6754,2604,1,2605,248,0,248,15757,24,15781
Tamil Nadu,26.2 - Deaths due to Other Causes,2014,98,0,98,106,2,108,19,0,19,0,0,0,223,2,225
Tamil Nadu,"27 - Offences against State (Section 121, 121A, 122, 123, 124-A IPC)",2014,0,0,0,0,0,0,0,0,0,0,0,0,0,0,0
Tamil Nadu,27.1 - Sedition (Section 124A IPC),2014,0,0,0,0,0,0,0,0,0,0,0,0,0,0,0
Tamil Nadu,27.2 - Other offences against State,2014,0,0,0,0,0,0,0,0,0,0,0,0,0,0,0
Tamil Nadu,28 - Offences promoting enmity between different groups (Section 153A & 153B IPC),2014,8,0,8,14,0,14,4,0,4,0,0,0,26,0,26
Tamil Nadu,28.1 - Promoting enmity on ground of religion race and place of Birth (Section 153A IPC),2014,8,0,8,14,0,14,4,0,4,0,0,0,26,0,26
Tamil Nadu,28.2 - Imputation & assertions prejudicial to national integration (Section 153B IPC),2014,0,0,0,0,0,0,0,0,0,0,0,0,0,0,0
Tamil Nadu,29 - Extortion (Section 384 - 389 IPC),2014,331,0,331,358,0,358,49,0,49,0,0,0,738,0,738
Tamil Nadu,30 - Disclosure of Identity of Victims (Section 228 A IPC),2014,0,0,0,1,0,1,0,0,0,0,0,0,1,0,1
Tamil Nadu,31 - Incidence of Rash Driving (Section 279 IPC Read with 337 & 338),2014,22220,34,22254,20060,25,20085,8426,1,8427,561,0,561,51267,60,51327
Tamil Nadu,32 - Human Trafficking (Section 370 & 370A IPC),2014,0,0,0,0,0,0,0,0,0,0,0,0,0,0,0
Tamil Nadu,33 - Unnatural Offences U/s 377 IPC,2014,5,0,5,1,0,1,0,0,0,0,0,0,6,0,6
Tamil Nadu,34 - Other IPC crimes,2014,39315,2288,41603,42048,3933,45981,20504,1434,21938,2428,247,2675,104295,7902,112197
Tamil Nadu,35 - Total Cognizable IPC crimes,2014,103489,3458,106947,98192,6267,104459,42544,2328,44872,4037,312,4349,248262,12365,260627
Telangana,1 - Murder (Section 302 IPC),2014,780,54,834,874,118,992,414,62,476,47,18,65,2115,252,2367
Telangana,2 - Attempt to commit Murder (Section 307 IPC),2014,676,14,690,734,53,787,402,22,424,117,3,120,1929,92,2021
Telangana,3 - Culpable Homicide not amounting to Murder (Section 304 IPC),2014,57,2,59,131,2,133,79,1,80,18,0,18,285,5,290
Telangana,4 - Attempt to commit Culpable Homicide (Section 308 IPC),2014,1,0,1,0,0,0,0,0,0,0,0,0,1,0,1
Telangana,5 - Rape (Section 376 IPC),2014,583,0,583,375,8,383,181,0,181,34,0,34,1173,8,1181
Telangana,5.1 - Custodial Rape,2014,0,0,0,0,0,0,0,0,0,0,0,0,0,0,0
Telangana,5.1.1 - Gang Rape,2014,0,0,0,0,0,0,0,0,0,0,0,0,0,0,0
Telangana,5.1.2 - Other Rape,2014,0,0,0,0,0,0,0,0,0,0,0,0,0,0,0
Telangana,5.2 - Rape other than Custodial,2014,583,0,583,375,8,383,181,0,181,34,0,34,1173,8,1181
Telangana,5.2.1 - Gang Rape,2014,15,0,15,25,2,27,0,0,0,0,0,0,40,2,42
Telangana,5.2.2 - Other Rape,2014,568,0,568,350,6,356,181,0,181,34,0,34,1133,6,1139
Telangana,6 - Attempt to commit Rape (Section 376/511 IPC),2014,23,0,23,33,0,33,18,0,18,0,0,0,74,0,74
Telangana,"7 - Kidnapping & Abduction_Total (Section 3,364,364A, 366-369 IPC)",2014,797,14,811,662,23,685,198,8,206,30,0,30,1687,45,1732
Telangana,7.1 - Kidnapping & Abduction (Section 363 IPC),2014,166,3,169,205,10,215,16,3,19,1,0,1,388,16,404
Telangana,7.2 - Kidnaping & Abduction in order to Murder (Section 364 IPC),2014,29,1,30,12,0,12,3,0,3,2,0,2,46,1,47
Telangana,7.3 - Kidnapping for Ransom (Section 364A IPC),2014,14,0,14,6,1,7,2,0,2,0,0,0,22,1,23
Telangana,7.4 - Kidnapping & Abduction of Women to compel her for marriage (Section 366 IPC),2014,297,6,303,216,4,220,116,3,119,25,0,25,654,13,667
Telangana,7.5 - Other Kidnapping,2014,291,4,295,223,8,231,61,2,63,2,0,2,577,14,591
Telangana,"8 - Dacoity (Section 395,396-398 IPC)",2014,171,2,173,164,5,169,25,0,25,5,0,5,365,7,372
Telangana,8.1 - Dacoity with Murder (Section 396 IPC),2014,0,0,0,6,0,6,0,0,0,0,0,0,6,0,6
Telangana,8.2 - Other Dacoity,2014,171,2,173,158,5,163,25,0,25,5,0,5,359,7,366
Telangana,9 - Making Preparation and Assembly for committing Dacoity (Section 399 & 402 IPC),2014,0,0,0,3,0,3,0,0,0,0,0,0,3,0,3
Telangana,"10 - Robbery (Section 392 to 394, 397 and 398 IPC)",2014,234,3,237,289,4,293,154,0,154,0,1,1,677,8,685
Telangana,11 - Criminal Trespass/Burglary_Total (Section 453 to 460 IPC),2014,2957,31,2988,2846,43,2889,710,7,717,28,0,28,6541,81,6622
Telangana,"11.1 - Criminal Trespass/Burglary (Section 455, 457 & 458 IPC)",2014,1863,10,1873,1608,14,1622,479,5,484,2,0,2,3952,29,3981
Telangana,"11.2 - House Trespass & House Breaking (Section 453,454,456,459 & 460 IPC)",2014,1094,21,1115,1238,29,1267,231,2,233,26,0,26,2589,52,2641
Telangana,12 - Theft (Section 379 to 382 IPC),2014,8435,149,8584,5942,239,6181,1402,37,1439,194,3,197,15973,428,16401
Telangana,12.1 - Auto Theft,2014,2382,0,2382,1554,4,1558,410,0,410,7,0,7,4353,4,4357
Telangana,12.2 - Other Thefts,2014,6053,149,6202,4388,235,4623,992,37,1029,187,3,190,11620,424,12044
Telangana,"13 - Unlawful Assembly (Section 143,144 & 145)",2014,21,0,21,49,0,49,4,0,4,0,0,0,74,0,74
Telangana,"14 - Riots (Section 147, 148, 149, 150 & 151 IPC)",2014,1430,80,1510,1690,113,1803,898,40,938,161,4,165,4179,237,4416
Telangana,14.1 - Communal,2014,54,0,54,28,0,28,0,0,0,0,0,0,82,0,82
Telangana,14.2 - Industrial,2014,2,0,2,7,0,7,0,0,0,0,0,0,9,0,9
Telangana,14.3 - Political,2014,106,7,113,87,5,92,36,1,37,0,0,0,229,13,242
Telangana,14.4 - Caste Conflict,2014,19,0,19,12,0,12,1,0,1,0,0,0,32,0,32
Telangana,14.4.1 - SC/STs Vs. Non-SCs/STs,2014,2,0,2,9,0,9,1,0,1,0,0,0,12,0,12
Telangana,14.4.2 - Other Caste Riots,2014,17,0,17,3,0,3,0,0,0,0,0,0,20,0,20
Telangana,14.5 - Agrarian,2014,0,0,0,0,0,0,0,0,0,0,0,0,0,0,0
Telangana,14.6 - Students,2014,11,0,11,13,0,13,3,0,3,0,0,0,27,0,27
Telangana,14.7 - Sectarian,2014,0,0,0,0,0,0,0,0,0,0,0,0,0,0,0
Telangana,14.8 - Other Riots,2014,1238,73,1311,1543,108,1651,858,39,897,161,4,165,3800,224,4024
Telangana,15 - Criminal Breach of Trust (Section 406 to 409 IPC),2014,271,2,273,565,11,576,215,8,223,17,1,18,1068,22,1090
Telangana,16 - Cheating (Section 420 IPC),2014,2118,62,2180,4966,210,5176,1162,82,1244,256,17,273,8502,371,8873
Telangana,"17 - Forgery (Section 465, 468 & 471 IPC)",2014,41,2,43,98,3,101,36,0,36,0,0,0,175,5,180
Telangana,"18 - Counterfeiting (Section 231-235,237-240, 242-243, 255 and 489-A to 489-E IPC)",2014,12,0,12,56,1,57,16,2,18,0,0,0,84,3,87
Telangana,"18.1 - Offences related to Counterfeit Coin (Section 231-235,237, 238-240 & 242-243 IPC)",2014,0,0,0,0,0,0,0,0,0,0,0,0,0,0,0
Telangana,18.2 - Counterfeiting Government Stamp (Section 255 IPC),2014,0,0,0,0,0,0,0,0,0,0,0,0,0,0,0
Telangana,18.3 - Counterfeit currency & Bank notes (Section 489-A to 489-E IPC),2014,12,0,12,56,1,57,16,2,18,0,0,0,84,3,87
Telangana,18.3.1 - Counterfeiting currency notes or Bank notes (Section 489A IPC),2014,7,0,7,29,1,30,11,1,12,0,0,0,47,2,49
Telangana,18.3.2 - Using forged or counterfeit currency/Bank notes (Section 489B IPC),2014,3,0,3,25,0,25,5,1,6,0,0,0,33,1,34
Telangana,18.3.3 - Possession of forged or counterfeiting currency / Bank notes (Section 489C IPC),2014,0,0,0,2,0,2,0,0,0,0,0,0,2,0,2
Telangana,18.3.4 - Make/Possess materials for forging or counterfeiting currency/Bank notes (Section 489D IPC),2014,2,0,2,0,0,0,0,0,0,0,0,0,2,0,2
Telangana,18.3.5 - Make/Use documents resembling currency notes/Bank notes (Section 489 E IPC),2014,0,0,0,0,0,0,0,0,0,0,0,0,0,0,0
Telangana,19 - Arson (Section 435-436 & 438 IPC),2014,170,3,173,281,2,283,102,1,103,28,1,29,581,7,588
Telangana,"20 - Grievous Hurt (Section 325,326,326A & 326 B IPC)",2014,591,41,632,969,57,1026,876,32,908,117,3,120,2553,133,2686
Telangana,20.1 - Grievous Hurt (Section 325 & 326 IPC),2014,591,41,632,969,57,1026,876,32,908,117,3,120,2553,133,2686
Telangana,20.2 - Acid attack (Section 326A IPC),2014,0,0,0,0,0,0,0,0,0,0,0,0,0,0,0
Telangana,20.3 - Attempt to Acid Attack (Section 326B IPC),2014,0,0,0,0,0,0,0,0,0,0,0,0,0,0,0
Telangana,21 - Dowry Deaths (Section 304-B IPC),2014,196,25,221,205,81,286,93,73,166,19,27,46,513,206,719
Telangana,22 - Assault on women with intent to outrage her Modesty (Section 354 IPC),2014,1917,5,1922,1616,9,1625,411,2,413,45,1,46,3989,17,4006
Telangana,22.1 - Sexual Harassment (Section 354A IPC),2014,343,1,344,290,0,290,84,0,84,13,0,13,730,1,731
Telangana,22.2 - Assault on women with intent to Disrobe (Section 354B IPC),2014,84,2,86,83,0,83,9,0,9,3,0,3,179,2,181
Telangana,22.3 - Voyeurism (Section 354C IPC),2014,26,0,26,11,0,11,3,0,3,0,0,0,40,0,40
Telangana,22.4 - Stalking (Section 354D IPC),2014,170,0,170,207,0,207,33,0,33,4,0,4,414,0,414
Telangana,22.5 - Others,2014,1294,2,1296,1025,9,1034,282,2,284,25,1,26,2626,14,2640
Telangana,23 - Insult to the Modesty of Women (Section 509 IPC),2014,800,7,807,375,5,380,66,3,69,5,0,5,1246,15,1261
Telangana,23.1 - At Office premises,2014,0,0,0,0,0,0,3,0,3,0,0,0,3,0,3
Telangana,23.2 - Places related to work other than Office,2014,19,0,19,19,0,19,2,0,2,0,0,0,40,0,40
Telangana,23.3 - In Public Transport system,2014,3,0,3,1,0,1,0,0,0,0,0,0,4,0,4
Telangana,23.4 - in Other Places,2014,778,7,785,355,5,360,61,3,64,5,0,5,1199,15,1214
Telangana,24 - Cruelty by Husband or his Relatives (Section 498-A IPC),2014,2717,400,3117,3323,963,4286,1326,588,1914,186,101,287,7552,2052,9604
Telangana,25 - Importation of Girls from Foreign Country (Section 366-B IPC),2014,0,0,0,0,0,0,0,0,0,0,0,0,0,0,0
Telangana,26 - Causing Death by Negligence (Section 304-A IPC),2014,2947,4,2951,3265,2,3267,1896,0,1896,274,0,274,8382,6,8388
Telangana,26.1 - Deaths due to negligent driving/act,2014,2908,4,2912,3194,2,3196,1882,0,1882,274,0,274,8258,6,8264
Telangana,26.2 - Deaths due to Other Causes,2014,39,0,39,71,0,71,14,0,14,0,0,0,124,0,124
Telangana,"27 - Offences against State (Section 121, 121A, 122, 123, 124-A IPC)",2014,0,0,0,0,0,0,0,0,0,0,0,0,0,0,0
Telangana,27.1 - Sedition (Section 124A IPC),2014,0,0,0,0,0,0,0,0,0,0,0,0,0,0,0
Telangana,27.2 - Other offences against State,2014,0,0,0,0,0,0,0,0,0,0,0,0,0,0,0
Telangana,28 - Offences promoting enmity between different groups (Section 153A & 153B IPC),2014,11,0,11,2,0,2,0,0,0,0,0,0,13,0,13
Telangana,28.1 - Promoting enmity on ground of religion race and place of Birth (Section 153A IPC),2014,11,0,11,2,0,2,0,0,0,0,0,0,13,0,13
Telangana,28.2 - Imputation & assertions prejudicial to national integration (Section 153B IPC),2014,0,0,0,0,0,0,0,0,0,0,0,0,0,0,0
Telangana,29 - Extortion (Section 384 - 389 IPC),2014,99,0,99,119,0,119,23,1,24,5,0,5,246,1,247
Telangana,30 - Disclosure of Identity of Victims (Section 228 A IPC),2014,0,0,0,0,0,0,0,0,0,0,0,0,0,0,0
Telangana,31 - Incidence of Rash Driving (Section 279 IPC Read with 337 & 338),2014,7517,18,7535,7070,25,7095,2227,13,2240,176,0,176,16990,56,17046
Telangana,32 - Human Trafficking (Section 370 & 370A IPC),2014,10,0,10,37,0,37,13,0,13,0,0,0,60,0,60
Telangana,33 - Unnatural Offences U/s 377 IPC,2014,5,0,5,5,0,5,0,0,0,0,0,0,10,0,10
Telangana,34 - Other IPC crimes,2014,15436,1426,16862,20098,2049,22147,10783,1319,12102,2084,219,2303,48401,5013,53414
Telangana,35 - Total Cognizable IPC crimes,2014,51023,2344,53367,56842,4026,60868,23730,2301,26031,3846,399,4245,135441,9070,144511
Tripura,1 - Murder (Section 302 IPC),2014,87,15,102,53,12,65,23,4,27,0,0,0,163,31,194
Tripura,2 - Attempt to commit Murder (Section 307 IPC),2014,53,1,54,53,2,55,28,0,28,1,0,1,135,3,138
Tripura,3 - Culpable Homicide not amounting to Murder (Section 304 IPC),2014,1,1,2,2,0,2,0,0,0,0,0,0,3,1,4
Tripura,4 - Attempt to commit Culpable Homicide (Section 308 IPC),2014,0,0,0,0,0,0,0,0,0,0,0,0,0,0,0
Tripura,5 - Rape (Section 376 IPC),2014,128,2,130,58,6,64,34,4,38,0,0,0,220,12,232
Tripura,5.1 - Custodial Rape,2014,0,0,0,0,0,0,0,0,0,0,0,0,0,0,0
Tripura,5.1.1 - Gang Rape,2014,0,0,0,0,0,0,0,0,0,0,0,0,0,0,0
Tripura,5.1.2 - Other Rape,2014,0,0,0,0,0,0,0,0,0,0,0,0,0,0,0
Tripura,5.2 - Rape other than Custodial,2014,128,2,130,58,6,64,34,4,38,0,0,0,220,12,232
Tripura,5.2.1 - Gang Rape,2014,28,0,28,4,0,4,0,0,0,0,0,0,32,0,32
Tripura,5.2.2 - Other Rape,2014,100,2,102,54,6,60,34,4,38,0,0,0,188,12,200
Tripura,6 - Attempt to commit Rape (Section 376/511 IPC),2014,19,0,19,12,0,12,4,0,4,0,0,0,35,0,35
Tripura,"7 - Kidnapping & Abduction_Total (Section 3,364,364A, 366-369 IPC)",2014,98,0,98,29,1,30,3,0,3,0,0,0,130,1,131
Tripura,7.1 - Kidnapping & Abduction (Section 363 IPC),2014,1,0,1,0,0,0,0,0,0,0,0,0,1,0,1
Tripura,7.2 - Kidnaping & Abduction in order to Murder (Section 364 IPC),2014,6,0,6,2,0,2,0,0,0,0,0,0,8,0,8
Tripura,7.3 - Kidnapping for Ransom (Section 364A IPC),2014,0,0,0,1,0,1,0,0,0,0,0,0,1,0,1
Tripura,7.4 - Kidnapping & Abduction of Women to compel her for marriage (Section 366 IPC),2014,66,0,66,17,0,17,1,0,1,0,0,0,84,0,84
Tripura,7.5 - Other Kidnapping,2014,25,0,25,9,1,10,2,0,2,0,0,0,36,1,37
Tripura,"8 - Dacoity (Section 395,396-398 IPC)",2014,1,0,1,0,0,0,0,0,0,0,0,0,1,0,1
Tripura,8.1 - Dacoity with Murder (Section 396 IPC),2014,1,0,1,0,0,0,0,0,0,0,0,0,1,0,1
Tripura,8.2 - Other Dacoity,2014,0,0,0,0,0,0,0,0,0,0,0,0,0,0,0
Tripura,9 - Making Preparation and Assembly for committing Dacoity (Section 399 & 402 IPC),2014,10,0,10,2,0,2,2,0,2,0,0,0,14,0,14
Tripura,"10 - Robbery (Section 392 to 394, 397 and 398 IPC)",2014,35,0,35,11,0,11,5,0,5,0,0,0,51,0,51
Tripura,11 - Criminal Trespass/Burglary_Total (Section 453 to 460 IPC),2014,102,3,105,46,5,51,13,0,13,0,0,0,161,8,169
Tripura,"11.1 - Criminal Trespass/Burglary (Section 455, 457 & 458 IPC)",2014,77,0,77,34,3,37,9,0,9,0,0,0,120,3,123
Tripura,"11.2 - House Trespass & House Breaking (Section 453,454,456,459 & 460 IPC)",2014,25,3,28,12,2,14,4,0,4,0,0,0,41,5,46
Tripura,12 - Theft (Section 379 to 382 IPC),2014,132,3,135,71,4,75,33,0,33,1,0,1,237,7,244
Tripura,12.1 - Auto Theft,2014,13,0,13,15,0,15,6,0,6,0,0,0,34,0,34
Tripura,12.2 - Other Thefts,2014,119,3,122,56,4,60,27,0,27,1,0,1,203,7,210
Tripura,"13 - Unlawful Assembly (Section 143,144 & 145)",2014,0,0,0,2,0,2,2,0,2,0,0,0,4,0,4
Tripura,"14 - Riots (Section 147, 148, 149, 150 & 151 IPC)",2014,138,8,146,99,2,101,35,1,36,4,0,4,276,11,287
Tripura,14.1 - Communal,2014,0,0,0,0,0,0,0,0,0,0,0,0,0,0,0
Tripura,14.2 - Industrial,2014,0,0,0,0,0,0,0,0,0,0,0,0,0,0,0
Tripura,14.3 - Political,2014,29,1,30,20,0,20,8,0,8,2,0,2,59,1,60
Tripura,14.4 - Caste Conflict,2014,0,0,0,0,0,0,0,0,0,0,0,0,0,0,0
Tripura,14.4.1 - SC/STs Vs. Non-SCs/STs,2014,0,0,0,0,0,0,0,0,0,0,0,0,0,0,0
Tripura,14.4.2 - Other Caste Riots,2014,0,0,0,0,0,0,0,0,0,0,0,0,0,0,0
Tripura,14.5 - Agrarian,2014,0,0,0,0,0,0,0,0,0,0,0,0,0,0,0
Tripura,14.6 - Students,2014,0,0,0,0,0,0,0,0,0,0,0,0,0,0,0
Tripura,14.7 - Sectarian,2014,0,0,0,0,0,0,0,0,0,0,0,0,0,0,0
Tripura,14.8 - Other Riots,2014,109,7,116,79,2,81,27,1,28,2,0,2,217,10,227
Tripura,15 - Criminal Breach of Trust (Section 406 to 409 IPC),2014,13,0,13,27,0,27,7,1,8,0,0,0,47,1,48
Tripura,16 - Cheating (Section 420 IPC),2014,25,0,25,17,0,17,6,0,6,0,0,0,48,0,48
Tripura,"17 - Forgery (Section 465, 468 & 471 IPC)",2014,12,0,12,9,0,9,6,0,6,0,0,0,27,0,27
Tripura,"18 - Counterfeiting (Section 231-235,237-240, 242-243, 255 and 489-A to 489-E IPC)",2014,5,0,5,4,0,4,0,0,0,0,0,0,9,0,9
Tripura,"18.1 - Offences related to Counterfeit Coin (Section 231-235,237, 238-240 & 242-243 IPC)",2014,0,0,0,0,0,0,0,0,0,0,0,0,0,0,0
Tripura,18.2 - Counterfeiting Government Stamp (Section 255 IPC),2014,0,0,0,0,0,0,0,0,0,0,0,0,0,0,0
Tripura,18.3 - Counterfeit currency & Bank notes (Section 489-A to 489-E IPC),2014,5,0,5,4,0,4,0,0,0,0,0,0,9,0,9
Tripura,18.3.1 - Counterfeiting currency notes or Bank notes (Section 489A IPC),2014,0,0,0,0,0,0,0,0,0,0,0,0,0,0,0
Tripura,18.3.2 - Using forged or counterfeit currency/Bank notes (Section 489B IPC),2014,5,0,5,1,0,1,0,0,0,0,0,0,6,0,6
Tripura,18.3.3 - Possession of forged or counterfeiting currency / Bank notes (Section 489C IPC),2014,0,0,0,3,0,3,0,0,0,0,0,0,3,0,3
Tripura,18.3.4 - Make/Possess materials for forging or counterfeiting currency/Bank notes (Section 489D IPC),2014,0,0,0,0,0,0,0,0,0,0,0,0,0,0,0
Tripura,18.3.5 - Make/Use documents resembling currency notes/Bank notes (Section 489 E IPC),2014,0,0,0,0,0,0,0,0,0,0,0,0,0,0,0
Tripura,19 - Arson (Section 435-436 & 438 IPC),2014,21,0,21,12,0,12,8,0,8,1,0,1,42,0,42
Tripura,"20 - Grievous Hurt (Section 325,326,326A & 326 B IPC)",2014,792,94,886,608,87,695,204,20,224,6,1,7,1610,202,1812
Tripura,20.1 - Grievous Hurt (Section 325 & 326 IPC),2014,790,94,884,607,86,693,204,20,224,6,1,7,1607,201,1808
Tripura,20.2 - Acid attack (Section 326A IPC),2014,2,0,2,1,1,2,0,0,0,0,0,0,3,1,4
Tripura,20.3 - Attempt to Acid Attack (Section 326B IPC),2014,0,0,0,0,0,0,0,0,0,0,0,0,0,0,0
Tripura,21 - Dowry Deaths (Section 304-B IPC),2014,36,3,39,29,14,43,7,5,12,0,0,0,72,22,94
Tripura,22 - Assault on women with intent to outrage her Modesty (Section 354 IPC),2014,202,15,217,159,12,171,41,2,43,1,0,1,403,29,432
Tripura,22.1 - Sexual Harassment (Section 354A IPC),2014,37,1,38,32,1,33,4,0,4,0,0,0,73,2,75
Tripura,22.2 - Assault on women with intent to Disrobe (Section 354B IPC),2014,57,13,70,49,7,56,17,2,19,1,0,1,124,22,146
Tripura,22.3 - Voyeurism (Section 354C IPC),2014,0,0,0,0,0,0,0,0,0,0,0,0,0,0,0
Tripura,22.4 - Stalking (Section 354D IPC),2014,0,0,0,1,0,1,1,0,1,0,0,0,2,0,2
Tripura,22.5 - Others,2014,108,1,109,77,4,81,19,0,19,0,0,0,204,5,209
Tripura,23 - Insult to the Modesty of Women (Section 509 IPC),2014,7,0,7,1,0,1,0,0,0,0,0,0,8,0,8
Tripura,23.1 - At Office premises,2014,0,0,0,0,0,0,0,0,0,0,0,0,0,0,0
Tripura,23.2 - Places related to work other than Office,2014,0,0,0,0,0,0,0,0,0,0,0,0,0,0,0
Tripura,23.3 - In Public Transport system,2014,0,0,0,0,0,0,0,0,0,0,0,0,0,0,0
Tripura,23.4 - in Other Places,2014,7,0,7,1,0,1,0,0,0,0,0,0,8,0,8
Tripura,24 - Cruelty by Husband or his Relatives (Section 498-A IPC),2014,433,81,514,336,64,400,139,53,192,6,4,10,914,202,1116
Tripura,25 - Importation of Girls from Foreign Country (Section 366-B IPC),2014,0,0,0,0,0,0,0,0,0,0,0,0,0,0,0
Tripura,26 - Causing Death by Negligence (Section 304-A IPC),2014,86,0,86,47,0,47,16,0,16,0,0,0,149,0,149
Tripura,26.1 - Deaths due to negligent driving/act,2014,86,0,86,46,0,46,16,0,16,0,0,0,148,0,148
Tripura,26.2 - Deaths due to Other Causes,2014,0,0,0,1,0,1,0,0,0,0,0,0,1,0,1
Tripura,"27 - Offences against State (Section 121, 121A, 122, 123, 124-A IPC)",2014,1,0,1,0,0,0,0,0,0,0,0,0,1,0,1
Tripura,27.1 - Sedition (Section 124A IPC),2014,0,0,0,0,0,0,0,0,0,0,0,0,0,0,0
Tripura,27.2 - Other offences against State,2014,1,0,1,0,0,0,0,0,0,0,0,0,1,0,1
Tripura,28 - Offences promoting enmity between different groups (Section 153A & 153B IPC),2014,0,0,0,0,0,0,0,0,0,0,0,0,0,0,0
Tripura,28.1 - Promoting enmity on ground of religion race and place of Birth (Section 153A IPC),2014,0,0,0,0,0,0,0,0,0,0,0,0,0,0,0
Tripura,28.2 - Imputation & assertions prejudicial to national integration (Section 153B IPC),2014,0,0,0,0,0,0,0,0,0,0,0,0,0,0,0
Tripura,29 - Extortion (Section 384 - 389 IPC),2014,8,0,8,1,0,1,0,0,0,0,0,0,9,0,9
Tripura,30 - Disclosure of Identity of Victims (Section 228 A IPC),2014,0,0,0,0,0,0,0,0,0,0,0,0,0,0,0
Tripura,31 - Incidence of Rash Driving (Section 279 IPC Read with 337 & 338),2014,264,0,264,180,0,180,55,0,55,0,0,0,499,0,499
Tripura,32 - Human Trafficking (Section 370 & 370A IPC),2014,0,0,0,0,0,0,0,0,0,0,0,0,0,0,0
Tripura,33 - Unnatural Offences U/s 377 IPC,2014,3,0,3,0,0,0,0,0,0,0,0,0,3,0,3
Tripura,34 - Other IPC crimes,2014,329,20,349,229,10,239,122,6,128,6,0,6,686,36,722
Tripura,35 - Total Cognizable IPC crimes,2014,3041,246,3287,2097,219,2316,793,96,889,26,5,31,5957,566,6523
Uttar Pradesh,1 - Murder (Section 302 IPC),2014,7358,200,7558,4991,225,5216,1739,43,1782,70,2,72,14158,470,14628
Uttar Pradesh,2 - Attempt to commit Murder (Section 307 IPC),2014,7543,64,7607,4762,68,4830,1840,10,1850,26,0,26,14171,142,14313
Uttar Pradesh,3 - Culpable Homicide not amounting to Murder (Section 304 IPC),2014,1840,55,1895,1336,32,1368,426,23,449,14,0,14,3616,110,3726
Uttar Pradesh,4 - Attempt to commit Culpable Homicide (Section 308 IPC),2014,667,6,673,381,2,383,130,0,130,1,0,1,1179,8,1187
Uttar Pradesh,5 - Rape (Section 376 IPC),2014,4135,17,4152,1697,9,1706,252,0,252,5,0,5,6089,26,6115
Uttar Pradesh,5.1 - Custodial Rape,2014,149,0,149,116,0,116,12,0,12,0,0,0,277,0,277
Uttar Pradesh,5.1.1 - Gang Rape,2014,1,0,1,12,0,12,0,0,0,0,0,0,13,0,13
Uttar Pradesh,5.1.2 - Other Rape,2014,148,0,148,104,0,104,12,0,12,0,0,0,264,0,264
Uttar Pradesh,5.2 - Rape other than Custodial,2014,3986,17,4003,1581,9,1590,240,0,240,5,0,5,5812,26,5838
Uttar Pradesh,5.2.1 - Gang Rape,2014,1147,2,1149,415,0,415,21,0,21,0,0,0,1583,2,1585
Uttar Pradesh,5.2.2 - Other Rape,2014,2839,15,2854,1166,9,1175,219,0,219,5,0,5,4229,24,4253
Uttar Pradesh,6 - Attempt to commit Rape (Section 376/511 IPC),2014,316,0,316,105,0,105,15,0,15,0,0,0,436,0,436
Uttar Pradesh,"7 - Kidnapping & Abduction_Total (Section 3,364,364A, 366-369 IPC)",2014,16564,575,17139,6925,327,7252,1852,123,1975,32,2,34,25373,1027,26400
Uttar Pradesh,7.1 - Kidnapping & Abduction (Section 363 IPC),2014,3968,166,4134,1271,108,1379,297,34,331,8,2,10,5544,310,5854
Uttar Pradesh,7.2 - Kidnaping & Abduction in order to Murder (Section 364 IPC),2014,510,4,514,281,14,295,107,2,109,0,0,0,898,20,918
Uttar Pradesh,7.3 - Kidnapping for Ransom (Section 364A IPC),2014,258,0,258,132,0,132,6,0,6,0,0,0,396,0,396
Uttar Pradesh,7.4 - Kidnapping & Abduction of Women to compel her for marriage (Section 366 IPC),2014,10425,378,10803,4556,189,4745,1292,83,1375,23,0,23,16296,650,16946
Uttar Pradesh,7.5 - Other Kidnapping,2014,1403,27,1430,685,16,701,150,4,154,1,0,1,2239,47,2286
Uttar Pradesh,"8 - Dacoity (Section 395,396-398 IPC)",2014,1137,2,1139,576,1,577,79,0,79,3,0,3,1795,3,1798
Uttar Pradesh,8.1 - Dacoity with Murder (Section 396 IPC),2014,102,0,102,51,0,51,9,0,9,1,0,1,163,0,163
Uttar Pradesh,8.2 - Other Dacoity,2014,1035,2,1037,525,1,526,70,0,70,2,0,2,1632,3,1635
Uttar Pradesh,9 - Making Preparation and Assembly for committing Dacoity (Section 399 & 402 IPC),2014,269,0,269,109,0,109,18,0,18,1,0,1,397,0,397
Uttar Pradesh,"10 - Robbery (Section 392 to 394, 397 and 398 IPC)",2014,5292,13,5305,2172,8,2180,397,0,397,4,0,4,7865,21,7886
Uttar Pradesh,11 - Criminal Trespass/Burglary_Total (Section 453 to 460 IPC),2014,3500,3,3503,1764,6,1770,411,7,418,3,0,3,5678,16,5694
Uttar Pradesh,"11.1 - Criminal Trespass/Burglary (Section 455, 457 & 458 IPC)",2014,2598,3,2601,1336,6,1342,355,2,357,3,0,3,4292,11,4303
Uttar Pradesh,"11.2 - House Trespass & House Breaking (Section 453,454,456,459 & 460 IPC)",2014,902,0,902,428,0,428,56,5,61,0,0,0,1386,5,1391
Uttar Pradesh,12 - Theft (Section 379 to 382 IPC),2014,12525,72,12597,6017,54,6071,1549,7,1556,18,0,18,20109,133,20242
Uttar Pradesh,12.1 - Auto Theft,2014,3996,0,3996,1796,0,1796,366,0,366,1,0,1,6159,0,6159
Uttar Pradesh,12.2 - Other Thefts,2014,8529,72,8601,4221,54,4275,1183,7,1190,17,0,17,13950,133,14083
Uttar Pradesh,"13 - Unlawful Assembly (Section 143,144 & 145)",2014,99,0,99,45,0,45,9,0,9,0,0,0,153,0,153
Uttar Pradesh,"14 - Riots (Section 147, 148, 149, 150 & 151 IPC)",2014,26075,354,26429,15742,401,16143,5809,209,6018,247,16,263,47873,980,48853
Uttar Pradesh,14.1 - Communal,2014,205,0,205,84,0,84,30,0,30,0,0,0,319,0,319
Uttar Pradesh,14.2 - Industrial,2014,0,0,0,0,0,0,0,0,0,0,0,0,0,0,0
Uttar Pradesh,14.3 - Political,2014,54,0,54,27,0,27,2,0,2,0,0,0,83,0,83
Uttar Pradesh,14.4 - Caste Conflict,2014,230,0,230,163,0,163,21,0,21,0,0,0,414,0,414
Uttar Pradesh,14.4.1 - SC/STs Vs. Non-SCs/STs,2014,213,0,213,144,0,144,21,0,21,0,0,0,378,0,378
Uttar Pradesh,14.4.2 - Other Caste Riots,2014,17,0,17,19,0,19,0,0,0,0,0,0,36,0,36
Uttar Pradesh,14.5 - Agrarian,2014,387,3,390,317,0,317,98,0,98,14,0,14,816,3,819
Uttar Pradesh,14.6 - Students,2014,63,0,63,0,0,0,0,0,0,0,0,0,63,0,63
Uttar Pradesh,14.7 - Sectarian,2014,3,0,3,4,0,4,0,0,0,0,0,0,7,0,7
Uttar Pradesh,14.8 - Other Riots,2014,25133,351,25484,15147,401,15548,5658,209,5867,233,16,249,46171,977,47148
Uttar Pradesh,15 - Criminal Breach of Trust (Section 406 to 409 IPC),2014,3467,14,3481,2762,15,2777,1249,16,1265,50,0,50,7528,45,7573
Uttar Pradesh,16 - Cheating (Section 420 IPC),2014,15057,65,15122,10744,83,10827,4284,34,4318,204,3,207,30289,185,30474
Uttar Pradesh,"17 - Forgery (Section 465, 468 & 471 IPC)",2014,480,1,481,678,3,681,302,5,307,39,0,39,1499,9,1508
Uttar Pradesh,"18 - Counterfeiting (Section 231-235,237-240, 242-243, 255 and 489-A to 489-E IPC)",2014,84,0,84,58,0,58,6,0,6,0,0,0,148,0,148
Uttar Pradesh,"18.1 - Offences related to Counterfeit Coin (Section 231-235,237, 238-240 & 242-243 IPC)",2014,1,0,1,1,0,1,0,0,0,0,0,0,2,0,2
Uttar Pradesh,18.2 - Counterfeiting Government Stamp (Section 255 IPC),2014,0,0,0,0,0,0,0,0,0,0,0,0,0,0,0
Uttar Pradesh,18.3 - Counterfeit currency & Bank notes (Section 489-A to 489-E IPC),2014,83,0,83,57,0,57,6,0,6,0,0,0,146,0,146
Uttar Pradesh,18.3.1 - Counterfeiting currency notes or Bank notes (Section 489A IPC),2014,53,0,53,32,0,32,1,0,1,0,0,0,86,0,86
Uttar Pradesh,18.3.2 - Using forged or counterfeit currency/Bank notes (Section 489B IPC),2014,24,0,24,20,0,20,5,0,5,0,0,0,49,0,49
Uttar Pradesh,18.3.3 - Possession of forged or counterfeiting currency / Bank notes (Section 489C IPC),2014,6,0,6,5,0,5,0,0,0,0,0,0,11,0,11
Uttar Pradesh,18.3.4 - Make/Possess materials for forging or counterfeiting currency/Bank notes (Section 489D IPC),2014,0,0,0,0,0,0,0,0,0,0,0,0,0,0,0
Uttar Pradesh,18.3.5 - Make/Use documents resembling currency notes/Bank notes (Section 489 E IPC),2014,0,0,0,0,0,0,0,0,0,0,0,0,0,0,0
Uttar Pradesh,19 - Arson (Section 435-436 & 438 IPC),2014,252,1,253,237,3,240,47,2,49,1,0,1,537,6,543
Uttar Pradesh,"20 - Grievous Hurt (Section 325,326,326A & 326 B IPC)",2014,15649,295,15944,10390,366,10756,3503,116,3619,210,19,229,29752,796,30548
Uttar Pradesh,20.1 - Grievous Hurt (Section 325 & 326 IPC),2014,15583,295,15878,10371,365,10736,3503,116,3619,210,19,229,29667,795,30462
Uttar Pradesh,20.2 - Acid attack (Section 326A IPC),2014,51,0,51,13,1,14,0,0,0,0,0,0,64,1,65
Uttar Pradesh,20.3 - Attempt to Acid Attack (Section 326B IPC),2014,15,0,15,6,0,6,0,0,0,0,0,0,21,0,21
Uttar Pradesh,21 - Dowry Deaths (Section 304-B IPC),2014,3190,622,3812,3135,863,3998,2058,608,2666,113,65,178,8496,2158,10654
Uttar Pradesh,22 - Assault on women with intent to outrage her Modesty (Section 354 IPC),2014,10292,0,10292,3537,0,3537,675,0,675,9,0,9,14513,0,14513
Uttar Pradesh,22.1 - Sexual Harassment (Section 354A IPC),2014,5047,0,5047,1714,0,1714,486,0,486,9,0,9,7256,0,7256
Uttar Pradesh,22.2 - Assault on women with intent to Disrobe (Section 354B IPC),2014,1433,0,1433,572,0,572,70,0,70,0,0,0,2075,0,2075
Uttar Pradesh,22.3 - Voyeurism (Section 354C IPC),2014,118,0,118,13,0,13,1,0,1,0,0,0,132,0,132
Uttar Pradesh,22.4 - Stalking (Section 354D IPC),2014,1011,0,1011,252,0,252,50,0,50,0,0,0,1313,0,1313
Uttar Pradesh,22.5 - Others,2014,2683,0,2683,986,0,986,68,0,68,0,0,0,3737,0,3737
Uttar Pradesh,23 - Insult to the Modesty of Women (Section 509 IPC),2014,22,0,22,11,0,11,0,0,0,0,0,0,33,0,33
Uttar Pradesh,23.1 - At Office premises,2014,0,0,0,0,0,0,0,0,0,0,0,0,0,0,0
Uttar Pradesh,23.2 - Places related to work other than Office,2014,2,0,2,0,0,0,0,0,0,0,0,0,2,0,2
Uttar Pradesh,23.3 - In Public Transport system,2014,5,0,5,1,0,1,0,0,0,0,0,0,6,0,6
Uttar Pradesh,23.4 - in Other Places,2014,15,0,15,10,0,10,0,0,0,0,0,0,25,0,25
Uttar Pradesh,24 - Cruelty by Husband or his Relatives (Section 498-A IPC),2014,15636,2700,18336,14261,3207,17468,7870,2284,10154,594,197,791,38361,8388,46749
Uttar Pradesh,25 - Importation of Girls from Foreign Country (Section 366-B IPC),2014,0,0,0,0,0,0,0,0,0,0,0,0,0,0,0
Uttar Pradesh,26 - Causing Death by Negligence (Section 304-A IPC),2014,7512,25,7537,4139,17,4156,1256,9,1265,26,0,26,12933,51,12984
Uttar Pradesh,26.1 - Deaths due to negligent driving/act,2014,7425,24,7449,4100,16,4116,1255,9,1264,26,0,26,12806,49,12855
Uttar Pradesh,26.2 - Deaths due to Other Causes,2014,87,1,88,39,1,40,1,0,1,0,0,0,127,2,129
Uttar Pradesh,"27 - Offences against State (Section 121, 121A, 122, 123, 124-A IPC)",2014,0,0,0,0,0,0,0,0,0,0,0,0,0,0,0
Uttar Pradesh,27.1 - Sedition (Section 124A IPC),2014,0,0,0,0,0,0,0,0,0,0,0,0,0,0,0
Uttar Pradesh,27.2 - Other offences against State,2014,0,0,0,0,0,0,0,0,0,0,0,0,0,0,0
Uttar Pradesh,28 - Offences promoting enmity between different groups (Section 153A & 153B IPC),2014,24,0,24,16,0,16,4,0,4,0,0,0,44,0,44
Uttar Pradesh,28.1 - Promoting enmity on ground of religion race and place of Birth (Section 153A IPC),2014,24,0,24,16,0,16,4,0,4,0,0,0,44,0,44
Uttar Pradesh,28.2 - Imputation & assertions prejudicial to national integration (Section 153B IPC),2014,0,0,0,0,0,0,0,0,0,0,0,0,0,0,0
Uttar Pradesh,29 - Extortion (Section 384 - 389 IPC),2014,496,5,501,394,3,397,62,0,62,0,0,0,952,8,960
Uttar Pradesh,30 - Disclosure of Identity of Victims (Section 228 A IPC),2014,0,0,0,0,0,0,0,0,0,0,0,0,0,0,0
Uttar Pradesh,31 - Incidence of Rash Driving (Section 279 IPC Read with 337 & 338),2014,7187,21,7208,4150,24,4174,1460,6,1466,66,0,66,12863,51,12914
Uttar Pradesh,32 - Human Trafficking (Section 370 & 370A IPC),2014,1,0,1,12,0,12,0,0,0,0,0,0,13,0,13
Uttar Pradesh,33 - Unnatural Offences U/s 377 IPC,2014,102,0,102,41,0,41,2,0,2,0,0,0,145,0,145
Uttar Pradesh,34 - Other IPC crimes,2014,88843,1392,90235,46252,984,47236,18842,389,19231,1371,18,1389,155308,2783,158091
Uttar Pradesh,35 - Total Cognizable IPC crimes,2014,255614,6502,262116,147439,6701,154140,56146,3891,60037,3107,322,3429,462306,17416,479722
Uttarakhand,1 - Murder (Section 302 IPC),2014,164,5,169,154,8,162,31,1,32,0,0,0,349,14,363
Uttarakhand,2 - Attempt to commit Murder (Section 307 IPC),2014,121,2,123,130,6,136,15,1,16,0,0,0,266,9,275
Uttarakhand,3 - Culpable Homicide not amounting to Murder (Section 304 IPC),2014,27,0,27,25,2,27,5,0,5,0,0,0,57,2,59
Uttarakhand,4 - Attempt to commit Culpable Homicide (Section 308 IPC),2014,7,0,7,13,0,13,2,1,3,0,0,0,22,1,23
Uttarakhand,5 - Rape (Section 376 IPC),2014,171,0,171,104,5,109,11,1,12,1,1,2,287,7,294
Uttarakhand,5.1 - Custodial Rape,2014,0,0,0,0,0,0,0,0,0,0,0,0,0,0,0
Uttarakhand,5.1.1 - Gang Rape,2014,0,0,0,0,0,0,0,0,0,0,0,0,0,0,0
Uttarakhand,5.1.2 - Other Rape,2014,0,0,0,0,0,0,0,0,0,0,0,0,0,0,0
Uttarakhand,5.2 - Rape other than Custodial,2014,171,0,171,104,5,109,11,1,12,1,1,2,287,7,294
Uttarakhand,5.2.1 - Gang Rape,2014,2,0,2,0,0,0,0,0,0,0,0,0,2,0,2
Uttarakhand,5.2.2 - Other Rape,2014,169,0,169,104,5,109,11,1,12,1,1,2,285,7,292
Uttarakhand,6 - Attempt to commit Rape (Section 376/511 IPC),2014,30,0,30,21,2,23,0,3,3,0,0,0,51,5,56
Uttarakhand,"7 - Kidnapping & Abduction_Total (Section 3,364,364A, 366-369 IPC)",2014,145,4,149,107,8,115,12,1,13,0,0,0,264,13,277
Uttarakhand,7.1 - Kidnapping & Abduction (Section 363 IPC),2014,39,1,40,26,2,28,5,0,5,0,0,0,70,3,73
Uttarakhand,7.2 - Kidnaping & Abduction in order to Murder (Section 364 IPC),2014,5,1,6,5,0,5,0,0,0,0,0,0,10,1,11
Uttarakhand,7.3 - Kidnapping for Ransom (Section 364A IPC),2014,2,1,3,3,0,3,0,0,0,0,0,0,5,1,6
Uttarakhand,7.4 - Kidnapping & Abduction of Women to compel her for marriage (Section 366 IPC),2014,5,0,5,1,0,1,0,1,1,0,0,0,6,1,7
Uttarakhand,7.5 - Other Kidnapping,2014,94,1,95,72,6,78,7,0,7,0,0,0,173,7,180
Uttarakhand,"8 - Dacoity (Section 395,396-398 IPC)",2014,57,0,57,34,0,34,3,0,3,0,0,0,94,0,94
Uttarakhand,8.1 - Dacoity with Murder (Section 396 IPC),2014,3,0,3,2,0,2,0,0,0,0,0,0,5,0,5
Uttarakhand,8.2 - Other Dacoity,2014,54,0,54,32,0,32,3,0,3,0,0,0,89,0,89
Uttarakhand,9 - Making Preparation and Assembly for committing Dacoity (Section 399 & 402 IPC),2014,3,0,3,2,0,2,0,0,0,0,0,0,5,0,5
Uttarakhand,"10 - Robbery (Section 392 to 394, 397 and 398 IPC)",2014,138,0,138,75,1,76,31,0,31,0,0,0,244,1,245
Uttarakhand,11 - Criminal Trespass/Burglary_Total (Section 453 to 460 IPC),2014,222,1,223,118,0,118,23,0,23,0,0,0,363,1,364
Uttarakhand,"11.1 - Criminal Trespass/Burglary (Section 455, 457 & 458 IPC)",2014,193,1,194,104,0,104,20,0,20,0,0,0,317,1,318
Uttarakhand,"11.2 - House Trespass & House Breaking (Section 453,454,456,459 & 460 IPC)",2014,29,0,29,14,0,14,3,0,3,0,0,0,46,0,46
Uttarakhand,12 - Theft (Section 379 to 382 IPC),2014,842,5,847,430,4,434,59,0,59,0,0,0,1331,9,1340
Uttarakhand,12.1 - Auto Theft,2014,309,0,309,215,0,215,23,0,23,0,0,0,547,0,547
Uttarakhand,12.2 - Other Thefts,2014,533,5,538,215,4,219,36,0,36,0,0,0,784,9,793
Uttarakhand,"13 - Unlawful Assembly (Section 143,144 & 145)",2014,0,0,0,0,0,0,0,0,0,0,0,0,0,0,0
Uttarakhand,"14 - Riots (Section 147, 148, 149, 150 & 151 IPC)",2014,572,44,616,591,52,643,155,14,169,10,0,10,1328,110,1438
Uttarakhand,14.1 - Communal,2014,0,0,0,2,0,2,0,0,0,0,0,0,2,0,2
Uttarakhand,14.2 - Industrial,2014,0,0,0,0,0,0,0,0,0,0,0,0,0,0,0
Uttarakhand,14.3 - Political,2014,20,0,20,20,0,20,10,0,10,0,0,0,50,0,50
Uttarakhand,14.4 - Caste Conflict,2014,11,0,11,0,3,3,0,0,0,1,0,1,12,3,15
Uttarakhand,14.4.1 - SC/STs Vs. Non-SCs/STs,2014,11,0,11,0,3,3,0,0,0,1,0,1,12,3,15
Uttarakhand,14.4.2 - Other Caste Riots,2014,0,0,0,0,0,0,0,0,0,0,0,0,0,0,0
Uttarakhand,14.5 - Agrarian,2014,0,0,0,0,0,0,0,0,0,0,0,0,0,0,0
Uttarakhand,14.6 - Students,2014,43,0,43,0,0,0,0,0,0,0,0,0,43,0,43
Uttarakhand,14.7 - Sectarian,2014,0,0,0,0,0,0,0,0,0,0,0,0,0,0,0
Uttarakhand,14.8 - Other Riots,2014,498,44,542,569,49,618,145,14,159,9,0,9,1221,107,1328
Uttarakhand,15 - Criminal Breach of Trust (Section 406 to 409 IPC),2014,15,0,15,34,0,34,14,0,14,0,0,0,63,0,63
Uttarakhand,16 - Cheating (Section 420 IPC),2014,78,0,78,143,3,146,44,3,47,2,1,3,267,7,274
Uttarakhand,"17 - Forgery (Section 465, 468 & 471 IPC)",2014,29,1,30,56,0,56,11,0,11,0,0,0,96,1,97
Uttarakhand,"18 - Counterfeiting (Section 231-235,237-240, 242-243, 255 and 489-A to 489-E IPC)",2014,2,1,3,5,0,5,0,0,0,0,0,0,7,1,8
Uttarakhand,"18.1 - Offences related to Counterfeit Coin (Section 231-235,237, 238-240 & 242-243 IPC)",2014,0,0,0,0,0,0,0,0,0,0,0,0,0,0,0
Uttarakhand,18.2 - Counterfeiting Government Stamp (Section 255 IPC),2014,0,0,0,0,0,0,0,0,0,0,0,0,0,0,0
Uttarakhand,18.3 - Counterfeit currency & Bank notes (Section 489-A to 489-E IPC),2014,2,1,3,5,0,5,0,0,0,0,0,0,7,1,8
Uttarakhand,18.3.1 - Counterfeiting currency notes or Bank notes (Section 489A IPC),2014,0,1,1,0,0,0,0,0,0,0,0,0,0,1,1
Uttarakhand,18.3.2 - Using forged or counterfeit currency/Bank notes (Section 489B IPC),2014,0,0,0,0,0,0,0,0,0,0,0,0,0,0,0
Uttarakhand,18.3.3 - Possession of forged or counterfeiting currency / Bank notes (Section 489C IPC),2014,2,0,2,5,0,5,0,0,0,0,0,0,7,0,7
Uttarakhand,18.3.4 - Make/Possess materials for forging or counterfeiting currency/Bank notes (Section 489D IPC),2014,0,0,0,0,0,0,0,0,0,0,0,0,0,0,0
Uttarakhand,18.3.5 - Make/Use documents resembling currency notes/Bank notes (Section 489 E IPC),2014,0,0,0,0,0,0,0,0,0,0,0,0,0,0,0
Uttarakhand,19 - Arson (Section 435-436 & 438 IPC),2014,2,0,2,6,0,6,0,0,0,0,0,0,8,0,8
Uttarakhand,"20 - Grievous Hurt (Section 325,326,326A & 326 B IPC)",2014,89,3,92,88,4,92,5,0,5,0,0,0,182,7,189
Uttarakhand,20.1 - Grievous Hurt (Section 325 & 326 IPC),2014,89,3,92,88,4,92,5,0,5,0,0,0,182,7,189
Uttarakhand,20.2 - Acid attack (Section 326A IPC),2014,0,0,0,0,0,0,0,0,0,0,0,0,0,0,0
Uttarakhand,20.3 - Attempt to Acid Attack (Section 326B IPC),2014,0,0,0,0,0,0,0,0,0,0,0,0,0,0,0
Uttarakhand,21 - Dowry Deaths (Section 304-B IPC),2014,14,0,14,24,7,31,20,20,40,6,1,7,64,28,92
Uttarakhand,22 - Assault on women with intent to outrage her Modesty (Section 354 IPC),2014,188,3,191,154,4,158,28,0,28,0,0,0,370,7,377
Uttarakhand,22.1 - Sexual Harassment (Section 354A IPC),2014,13,0,13,5,0,5,1,0,1,0,0,0,19,0,19
Uttarakhand,22.2 - Assault on women with intent to Disrobe (Section 354B IPC),2014,14,0,14,10,1,11,0,0,0,0,0,0,24,1,25
Uttarakhand,22.3 - Voyeurism (Section 354C IPC),2014,0,0,0,1,0,1,0,0,0,0,0,0,1,0,1
Uttarakhand,22.4 - Stalking (Section 354D IPC),2014,8,0,8,0,0,0,0,0,0,0,0,0,8,0,8
Uttarakhand,22.5 - Others,2014,153,3,156,138,3,141,27,0,27,0,0,0,318,6,324
Uttarakhand,23 - Insult to the Modesty of Women (Section 509 IPC),2014,2,0,2,2,0,2,0,0,0,0,0,0,4,0,4
Uttarakhand,23.1 - At Office premises,2014,0,0,0,0,0,0,0,0,0,0,0,0,0,0,0
Uttarakhand,23.2 - Places related to work other than Office,2014,0,0,0,0,0,0,0,0,0,0,0,0,0,0,0
Uttarakhand,23.3 - In Public Transport system,2014,0,0,0,0,0,0,0,0,0,0,0,0,0,0,0
Uttarakhand,23.4 - in Other Places,2014,2,0,2,2,0,2,0,0,0,0,0,0,4,0,4
Uttarakhand,24 - Cruelty by Husband or his Relatives (Section 498-A IPC),2014,121,13,134,147,25,172,85,74,159,6,1,7,359,113,472
Uttarakhand,25 - Importation of Girls from Foreign Country (Section 366-B IPC),2014,0,0,0,0,0,0,0,0,0,0,0,0,0,0,0
Uttarakhand,26 - Causing Death by Negligence (Section 304-A IPC),2014,174,0,174,300,0,300,55,0,55,0,0,0,529,0,529
Uttarakhand,26.1 - Deaths due to negligent driving/act,2014,173,0,173,299,0,299,55,0,55,0,0,0,527,0,527
Uttarakhand,26.2 - Deaths due to Other Causes,2014,1,0,1,1,0,1,0,0,0,0,0,0,2,0,2
Uttarakhand,"27 - Offences against State (Section 121, 121A, 122, 123, 124-A IPC)",2014,0,0,0,0,0,0,0,0,0,0,0,0,0,0,0
Uttarakhand,27.1 - Sedition (Section 124A IPC),2014,0,0,0,0,0,0,0,0,0,0,0,0,0,0,0
Uttarakhand,27.2 - Other offences against State,2014,0,0,0,0,0,0,0,0,0,0,0,0,0,0,0
Uttarakhand,28 - Offences promoting enmity between different groups (Section 153A & 153B IPC),2014,2,0,2,2,0,2,0,0,0,0,0,0,4,0,4
Uttarakhand,28.1 - Promoting enmity on ground of religion race and place of Birth (Section 153A IPC),2014,2,0,2,2,0,2,0,0,0,0,0,0,4,0,4
Uttarakhand,28.2 - Imputation & assertions prejudicial to national integration (Section 153B IPC),2014,0,0,0,0,0,0,0,0,0,0,0,0,0,0,0
Uttarakhand,29 - Extortion (Section 384 - 389 IPC),2014,3,1,4,5,2,7,0,0,0,0,0,0,8,3,11
Uttarakhand,30 - Disclosure of Identity of Victims (Section 228 A IPC),2014,0,0,0,0,0,0,0,0,0,0,0,0,0,0,0
Uttarakhand,31 - Incidence of Rash Driving (Section 279 IPC Read with 337 & 338),2014,120,0,120,239,0,239,14,0,14,1,0,1,374,0,374
Uttarakhand,32 - Human Trafficking (Section 370 & 370A IPC),2014,2,0,2,10,2,12,2,0,2,0,0,0,14,2,16
Uttarakhand,33 - Unnatural Offences U/s 377 IPC,2014,11,0,11,4,0,4,1,0,1,0,0,0,16,0,16
Uttarakhand,34 - Other IPC crimes,2014,1591,33,1624,1825,63,1888,352,15,367,30,1,31,3798,112,3910
Uttarakhand,35 - Total Cognizable IPC crimes,2014,4942,116,5058,4848,198,5046,978,134,1112,56,5,61,10824,453,11277
West Bengal,1 - Murder (Section 302 IPC),2014,1507,63,1570,1690,163,1853,766,73,839,14,9,23,3977,308,4285
West Bengal,2 - Attempt to commit Murder (Section 307 IPC),2014,3201,271,3472,3097,249,3346,1548,151,1699,75,0,75,7921,671,8592
West Bengal,3 - Culpable Homicide not amounting to Murder (Section 304 IPC),2014,272,19,291,270,21,291,78,3,81,0,0,0,620,43,663
West Bengal,4 - Attempt to commit Culpable Homicide (Section 308 IPC),2014,274,20,294,312,3,315,39,3,42,0,0,0,625,26,651
West Bengal,5 - Rape (Section 376 IPC),2014,1224,4,1228,986,3,989,201,0,201,9,0,9,2420,7,2427
West Bengal,5.1 - Custodial Rape,2014,0,0,0,0,0,0,0,0,0,0,0,0,0,0,0
West Bengal,5.1.1 - Gang Rape,2014,0,0,0,0,0,0,0,0,0,0,0,0,0,0,0
West Bengal,5.1.2 - Other Rape,2014,0,0,0,0,0,0,0,0,0,0,0,0,0,0,0
West Bengal,5.2 - Rape other than Custodial,2014,1224,4,1228,986,3,989,201,0,201,9,0,9,2420,7,2427
West Bengal,5.2.1 - Gang Rape,2014,160,1,161,110,0,110,18,0,18,0,0,0,288,1,289
West Bengal,5.2.2 - Other Rape,2014,1064,3,1067,876,3,879,183,0,183,9,0,9,2132,6,2138
West Bengal,6 - Attempt to commit Rape (Section 376/511 IPC),2014,1002,0,1002,665,0,665,148,0,148,9,0,9,1824,0,1824
West Bengal,"7 - Kidnapping & Abduction_Total (Section 3,364,364A, 366-369 IPC)",2014,3644,173,3817,3125,222,3347,771,66,837,20,0,20,7560,461,8021
West Bengal,7.1 - Kidnapping & Abduction (Section 363 IPC),2014,1279,59,1338,1055,73,1128,296,15,311,4,0,4,2634,147,2781
West Bengal,7.2 - Kidnaping & Abduction in order to Murder (Section 364 IPC),2014,39,0,39,39,1,40,15,0,15,0,0,0,93,1,94
West Bengal,7.3 - Kidnapping for Ransom (Section 364A IPC),2014,68,2,70,65,2,67,25,1,26,0,0,0,158,5,163
West Bengal,7.4 - Kidnapping & Abduction of Women to compel her for marriage (Section 366 IPC),2014,920,49,969,541,34,575,112,12,124,6,0,6,1579,95,1674
West Bengal,7.5 - Other Kidnapping,2014,1338,63,1401,1425,112,1537,323,38,361,10,0,10,3096,213,3309
West Bengal,"8 - Dacoity (Section 395,396-398 IPC)",2014,282,0,282,294,0,294,51,0,51,0,0,0,627,0,627
West Bengal,8.1 - Dacoity with Murder (Section 396 IPC),2014,13,0,13,11,0,11,0,0,0,0,0,0,24,0,24
West Bengal,8.2 - Other Dacoity,2014,269,0,269,283,0,283,51,0,51,0,0,0,603,0,603
West Bengal,9 - Making Preparation and Assembly for committing Dacoity (Section 399 & 402 IPC),2014,2678,0,2678,1478,0,1478,426,0,426,0,0,0,4582,0,4582
West Bengal,"10 - Robbery (Section 392 to 394, 397 and 398 IPC)",2014,487,1,488,486,1,487,132,0,132,1,0,1,1106,2,1108
West Bengal,11 - Criminal Trespass/Burglary_Total (Section 453 to 460 IPC),2014,161,2,163,163,1,164,39,0,39,0,0,0,363,3,366
West Bengal,"11.1 - Criminal Trespass/Burglary (Section 455, 457 & 458 IPC)",2014,124,1,125,132,0,132,33,0,33,0,0,0,289,1,290
West Bengal,"11.2 - House Trespass & House Breaking (Section 453,454,456,459 & 460 IPC)",2014,37,1,38,31,1,32,6,0,6,0,0,0,74,2,76
West Bengal,12 - Theft (Section 379 to 382 IPC),2014,6967,162,7129,6263,134,6397,2107,49,2156,59,6,65,15396,351,15747
West Bengal,12.1 - Auto Theft,2014,1658,0,1658,1593,0,1593,344,0,344,8,0,8,3603,0,3603
West Bengal,12.2 - Other Thefts,2014,5309,162,5471,4670,134,4804,1763,49,1812,51,6,57,11793,351,12144
West Bengal,"13 - Unlawful Assembly (Section 143,144 & 145)",2014,1392,37,1429,997,21,1018,501,13,514,23,0,23,2913,71,2984
West Bengal,"14 - Riots (Section 147, 148, 149, 150 & 151 IPC)",2014,5170,294,5464,4953,199,5152,1839,94,1933,154,10,164,12116,597,12713
West Bengal,14.1 - Communal,2014,47,0,47,76,1,77,3,0,3,0,0,0,126,1,127
West Bengal,14.2 - Industrial,2014,76,0,76,112,0,112,30,0,30,0,0,0,218,0,218
West Bengal,14.3 - Political,2014,737,8,745,676,19,695,73,2,75,0,0,0,1486,29,1515
West Bengal,14.4 - Caste Conflict,2014,22,0,22,18,0,18,0,0,0,0,0,0,40,0,40
West Bengal,14.4.1 - SC/STs Vs. Non-SCs/STs,2014,4,0,4,12,0,12,0,0,0,0,0,0,16,0,16
West Bengal,14.4.2 - Other Caste Riots,2014,18,0,18,6,0,6,0,0,0,0,0,0,24,0,24
West Bengal,14.5 - Agrarian,2014,6,0,6,72,3,75,17,0,17,0,0,0,95,3,98
West Bengal,14.6 - Students,2014,25,1,26,0,0,0,0,0,0,0,0,0,25,1,26
West Bengal,14.7 - Sectarian,2014,0,0,0,0,0,0,0,0,0,0,0,0,0,0,0
West Bengal,14.8 - Other Riots,2014,4257,285,4542,3999,176,4175,1716,92,1808,154,10,164,10126,563,10689
West Bengal,15 - Criminal Breach of Trust (Section 406 to 409 IPC),2014,535,45,580,1013,41,1054,428,10,438,19,0,19,1995,96,2091
West Bengal,16 - Cheating (Section 420 IPC),2014,2085,50,2135,3122,103,3225,1440,38,1478,46,0,46,6693,191,6884
West Bengal,"17 - Forgery (Section 465, 468 & 471 IPC)",2014,155,4,159,301,5,306,120,0,120,1,0,1,577,9,586
West Bengal,"18 - Counterfeiting (Section 231-235,237-240, 242-243, 255 and 489-A to 489-E IPC)",2014,278,5,283,257,10,267,49,0,49,0,0,0,584,15,599
West Bengal,"18.1 - Offences related to Counterfeit Coin (Section 231-235,237, 238-240 & 242-243 IPC)",2014,0,0,0,0,0,0,0,0,0,0,0,0,0,0,0
West Bengal,18.2 - Counterfeiting Government Stamp (Section 255 IPC),2014,0,0,0,0,0,0,0,0,0,0,0,0,0,0,0
West Bengal,18.3 - Counterfeit currency & Bank notes (Section 489-A to 489-E IPC),2014,278,5,283,257,10,267,49,0,49,0,0,0,584,15,599
West Bengal,18.3.1 - Counterfeiting currency notes or Bank notes (Section 489A IPC),2014,88,0,88,76,1,77,13,0,13,0,0,0,177,1,178
West Bengal,18.3.2 - Using forged or counterfeit currency/Bank notes (Section 489B IPC),2014,164,5,169,138,9,147,30,0,30,0,0,0,332,14,346
West Bengal,18.3.3 - Possession of forged or counterfeiting currency / Bank notes (Section 489C IPC),2014,18,0,18,28,0,28,6,0,6,0,0,0,52,0,52
West Bengal,18.3.4 - Make/Possess materials for forging or counterfeiting currency/Bank notes (Section 489D IPC),2014,7,0,7,10,0,10,0,0,0,0,0,0,17,0,17
West Bengal,18.3.5 - Make/Use documents resembling currency notes/Bank notes (Section 489 E IPC),2014,1,0,1,5,0,5,0,0,0,0,0,0,6,0,6
West Bengal,19 - Arson (Section 435-436 & 438 IPC),2014,300,0,300,291,13,304,73,3,76,7,0,7,671,16,687
West Bengal,"20 - Grievous Hurt (Section 325,326,326A & 326 B IPC)",2014,8743,525,9268,8164,420,8584,3292,190,3482,255,15,270,20454,1150,21604
West Bengal,20.1 - Grievous Hurt (Section 325 & 326 IPC),2014,8722,524,9246,8150,420,8570,3290,190,3480,254,15,269,20416,1149,21565
West Bengal,20.2 - Acid attack (Section 326A IPC),2014,20,1,21,12,0,12,2,0,2,1,0,1,35,1,36
West Bengal,20.3 - Attempt to Acid Attack (Section 326B IPC),2014,1,0,1,2,0,2,0,0,0,0,0,0,3,0,3
West Bengal,21 - Dowry Deaths (Section 304-B IPC),2014,304,38,342,380,85,465,119,65,184,0,0,0,803,188,991
West Bengal,22 - Assault on women with intent to outrage her Modesty (Section 354 IPC),2014,3437,10,3447,2070,2,2072,506,2,508,9,0,9,6022,14,6036
West Bengal,22.1 - Sexual Harassment (Section 354A IPC),2014,555,0,555,306,0,306,82,0,82,1,0,1,944,0,944
West Bengal,22.2 - Assault on women with intent to Disrobe (Section 354B IPC),2014,464,2,466,180,0,180,47,0,47,0,0,0,691,2,693
West Bengal,22.3 - Voyeurism (Section 354C IPC),2014,118,0,118,105,0,105,15,0,15,0,0,0,238,0,238
West Bengal,22.4 - Stalking (Section 354D IPC),2014,151,0,151,115,0,115,20,0,20,0,0,0,286,0,286
West Bengal,22.5 - Others,2014,2149,8,2157,1364,2,1366,342,2,344,8,0,8,3863,12,3875
West Bengal,23 - Insult to the Modesty of Women (Section 509 IPC),2014,462,0,462,195,0,195,74,0,74,0,0,0,731,0,731
West Bengal,23.1 - At Office premises,2014,2,0,2,2,0,2,0,0,0,0,0,0,4,0,4
West Bengal,23.2 - Places related to work other than Office,2014,1,0,1,5,0,5,0,0,0,0,0,0,6,0,6
West Bengal,23.3 - In Public Transport system,2014,5,0,5,4,0,4,1,0,1,0,0,0,10,0,10
West Bengal,23.4 - in Other Places,2014,454,0,454,184,0,184,73,0,73,0,0,0,711,0,711
West Bengal,24 - Cruelty by Husband or his Relatives (Section 498-A IPC),2014,10293,869,11162,12537,1312,13849,5689,875,6564,514,72,586,29033,3128,32161
West Bengal,25 - Importation of Girls from Foreign Country (Section 366-B IPC),2014,3,1,4,3,1,4,1,1,2,0,0,0,7,3,10
West Bengal,26 - Causing Death by Negligence (Section 304-A IPC),2014,2479,21,2500,2276,14,2290,831,8,839,18,0,18,5604,43,5647
West Bengal,26.1 - Deaths due to negligent driving/act,2014,1983,21,2004,1981,13,1994,700,8,708,18,0,18,4682,42,4724
West Bengal,26.2 - Deaths due to Other Causes,2014,496,0,496,295,1,296,131,0,131,0,0,0,922,1,923
West Bengal,"27 - Offences against State (Section 121, 121A, 122, 123, 124-A IPC)",2014,8,0,8,6,0,6,1,0,1,0,0,0,15,0,15
West Bengal,27.1 - Sedition (Section 124A IPC),2014,0,0,0,0,0,0,0,0,0,0,0,0,0,0,0
West Bengal,27.2 - Other offences against State,2014,8,0,8,6,0,6,1,0,1,0,0,0,15,0,15
West Bengal,28 - Offences promoting enmity between different groups (Section 153A & 153B IPC),2014,6,0,6,24,0,24,14,0,14,0,0,0,44,0,44
West Bengal,28.1 - Promoting enmity on ground of religion race and place of Birth (Section 153A IPC),2014,6,0,6,24,0,24,14,0,14,0,0,0,44,0,44
West Bengal,28.2 - Imputation & assertions prejudicial to national integration (Section 153B IPC),2014,0,0,0,0,0,0,0,0,0,0,0,0,0,0,0
West Bengal,29 - Extortion (Section 384 - 389 IPC),2014,311,0,311,171,5,176,77,0,77,1,0,1,560,5,565
West Bengal,30 - Disclosure of Identity of Victims (Section 228 A IPC),2014,0,0,0,0,0,0,0,0,0,0,0,0,0,0,0
West Bengal,31 - Incidence of Rash Driving (Section 279 IPC Read with 337 & 338),2014,4965,8,4973,4072,8,4080,1901,0,1901,79,0,79,11017,16,11033
West Bengal,32 - Human Trafficking (Section 370 & 370A IPC),2014,30,2,32,29,5,34,18,1,19,0,0,0,77,8,85
West Bengal,33 - Unnatural Offences U/s 377 IPC,2014,8,0,8,11,0,11,2,0,2,0,0,0,21,0,21
West Bengal,34 - Other IPC crimes,2014,23258,2044,25302,22655,1937,24592,11088,656,11744,1696,98,1794,58697,4735,63432
West Bengal,35 - Total Cognizable IPC crimes,2014,85921,4668,90589,82356,4978,87334,34369,2301,36670,3009,210,3219,205655,12157,217812
A & N Islands,1 - Murder (Section 302 IPC),2014,1,0,1,5,1,6,2,0,2,0,0,0,8,1,9
A & N Islands,2 - Attempt to commit Murder (Section 307 IPC),2014,12,0,12,5,0,5,1,0,1,0,0,0,18,0,18
A & N Islands,3 - Culpable Homicide not amounting to Murder (Section 304 IPC),2014,3,0,3,2,1,3,2,0,2,0,0,0,7,1,8
A & N Islands,4 - Attempt to commit Culpable Homicide (Section 308 IPC),2014,1,0,1,1,0,1,0,0,0,0,0,0,2,0,2
A & N Islands,5 - Rape (Section 376 IPC),2014,19,1,20,9,1,10,2,1,3,2,0,2,32,3,35
A & N Islands,5.1 - Custodial Rape,2014,0,0,0,0,0,0,0,0,0,0,0,0,0,0,0
A & N Islands,5.1.1 - Gang Rape,2014,0,0,0,0,0,0,0,0,0,0,0,0,0,0,0
A & N Islands,5.1.2 - Other Rape,2014,0,0,0,0,0,0,0,0,0,0,0,0,0,0,0
A & N Islands,5.2 - Rape other than Custodial,2014,19,1,20,9,1,10,2,1,3,2,0,2,32,3,35
A & N Islands,5.2.1 - Gang Rape,2014,4,0,4,0,0,0,0,0,0,0,0,0,4,0,4
A & N Islands,5.2.2 - Other Rape,2014,15,1,16,9,1,10,2,1,3,2,0,2,28,3,31
A & N Islands,6 - Attempt to commit Rape (Section 376/511 IPC),2014,0,0,0,0,0,0,0,0,0,0,0,0,0,0,0
A & N Islands,"7 - Kidnapping & Abduction_Total (Section 3,364,364A, 366-369 IPC)",2014,13,0,13,7,0,7,0,0,0,0,0,0,20,0,20
A & N Islands,7.1 - Kidnapping & Abduction (Section 363 IPC),2014,10,0,10,0,0,0,0,0,0,0,0,0,10,0,10
A & N Islands,7.2 - Kidnaping & Abduction in order to Murder (Section 364 IPC),2014,0,0,0,0,0,0,0,0,0,0,0,0,0,0,0
A & N Islands,7.3 - Kidnapping for Ransom (Section 364A IPC),2014,0,0,0,0,0,0,0,0,0,0,0,0,0,0,0
A & N Islands,7.4 - Kidnapping & Abduction of Women to compel her for marriage (Section 366 IPC),2014,0,0,0,0,0,0,0,0,0,0,0,0,0,0,0
A & N Islands,7.5 - Other Kidnapping,2014,3,0,3,7,0,7,0,0,0,0,0,0,10,0,10
A & N Islands,"8 - Dacoity (Section 395,396-398 IPC)",2014,0,0,0,0,0,0,0,0,0,0,0,0,0,0,0
A & N Islands,8.1 - Dacoity with Murder (Section 396 IPC),2014,0,0,0,0,0,0,0,0,0,0,0,0,0,0,0
A & N Islands,8.2 - Other Dacoity,2014,0,0,0,0,0,0,0,0,0,0,0,0,0,0,0
A & N Islands,9 - Making Preparation and Assembly for committing Dacoity (Section 399 & 402 IPC),2014,0,0,0,0,0,0,0,0,0,0,0,0,0,0,0
A & N Islands,"10 - Robbery (Section 392 to 394, 397 and 398 IPC)",2014,4,0,4,2,0,2,0,0,0,0,0,0,6,0,6
A & N Islands,11 - Criminal Trespass/Burglary_Total (Section 453 to 460 IPC),2014,20,2,22,12,1,13,2,0,2,0,0,0,34,3,37
A & N Islands,"11.1 - Criminal Trespass/Burglary (Section 455, 457 & 458 IPC)",2014,15,1,16,5,1,6,1,0,1,0,0,0,21,2,23
A & N Islands,"11.2 - House Trespass & House Breaking (Section 453,454,456,459 & 460 IPC)",2014,5,1,6,7,0,7,1,0,1,0,0,0,13,1,14
A & N Islands,12 - Theft (Section 379 to 382 IPC),2014,21,2,23,15,1,16,2,0,2,1,0,1,39,3,42
A & N Islands,12.1 - Auto Theft,2014,0,0,0,1,0,1,0,0,0,0,0,0,1,0,1
A & N Islands,12.2 - Other Thefts,2014,21,2,23,14,1,15,2,0,2,1,0,1,38,3,41
A & N Islands,"13 - Unlawful Assembly (Section 143,144 & 145)",2014,2,0,2,5,0,5,1,0,1,0,0,0,8,0,8
A & N Islands,"14 - Riots (Section 147, 148, 149, 150 & 151 IPC)",2014,37,3,40,18,3,21,8,1,9,0,0,0,63,7,70
A & N Islands,14.1 - Communal,2014,0,0,0,0,0,0,0,0,0,0,0,0,0,0,0
A & N Islands,14.2 - Industrial,2014,0,0,0,0,0,0,0,0,0,0,0,0,0,0,0
A & N Islands,14.3 - Political,2014,0,0,0,0,0,0,0,0,0,0,0,0,0,0,0
A & N Islands,14.4 - Caste Conflict,2014,0,0,0,0,0,0,0,0,0,0,0,0,0,0,0
A & N Islands,14.4.1 - SC/STs Vs. Non-SCs/STs,2014,0,0,0,0,0,0,0,0,0,0,0,0,0,0,0
A & N Islands,14.4.2 - Other Caste Riots,2014,0,0,0,0,0,0,0,0,0,0,0,0,0,0,0
A & N Islands,14.5 - Agrarian,2014,0,0,0,0,0,0,0,0,0,0,0,0,0,0,0
A & N Islands,14.6 - Students,2014,0,0,0,0,0,0,0,0,0,0,0,0,0,0,0
A & N Islands,14.7 - Sectarian,2014,0,0,0,0,0,0,0,0,0,0,0,0,0,0,0
A & N Islands,14.8 - Other Riots,2014,37,3,40,18,3,21,8,1,9,0,0,0,63,7,70
A & N Islands,15 - Criminal Breach of Trust (Section 406 to 409 IPC),2014,2,0,2,1,0,1,2,0,2,0,0,0,5,0,5
A & N Islands,16 - Cheating (Section 420 IPC),2014,4,1,5,11,2,13,5,0,5,0,0,0,20,3,23
A & N Islands,"17 - Forgery (Section 465, 468 & 471 IPC)",2014,3,0,3,0,3,3,1,0,1,0,0,0,4,3,7
A & N Islands,"18 - Counterfeiting (Section 231-235,237-240, 242-243, 255 and 489-A to 489-E IPC)",2014,1,0,1,1,0,1,0,0,0,0,0,0,2,0,2
A & N Islands,"18.1 - Offences related to Counterfeit Coin (Section 231-235,237, 238-240 & 242-243 IPC)",2014,0,0,0,0,0,0,0,0,0,0,0,0,0,0,0
A & N Islands,18.2 - Counterfeiting Government Stamp (Section 255 IPC),2014,0,0,0,0,0,0,0,0,0,0,0,0,0,0,0
A & N Islands,18.3 - Counterfeit currency & Bank notes (Section 489-A to 489-E IPC),2014,1,0,1,1,0,1,0,0,0,0,0,0,2,0,2
A & N Islands,18.3.1 - Counterfeiting currency notes or Bank notes (Section 489A IPC),2014,0,0,0,0,0,0,0,0,0,0,0,0,0,0,0
A & N Islands,18.3.2 - Using forged or counterfeit currency/Bank notes (Section 489B IPC),2014,1,0,1,1,0,1,0,0,0,0,0,0,2,0,2
A & N Islands,18.3.3 - Possession of forged or counterfeiting currency / Bank notes (Section 489C IPC),2014,0,0,0,0,0,0,0,0,0,0,0,0,0,0,0
A & N Islands,18.3.4 - Make/Possess materials for forging or counterfeiting currency/Bank notes (Section 489D IPC),2014,0,0,0,0,0,0,0,0,0,0,0,0,0,0,0
A & N Islands,18.3.5 - Make/Use documents resembling currency notes/Bank notes (Section 489 E IPC),2014,0,0,0,0,0,0,0,0,0,0,0,0,0,0,0
A & N Islands,19 - Arson (Section 435-436 & 438 IPC),2014,1,0,1,2,0,2,1,0,1,1,0,1,5,0,5
A & N Islands,"20 - Grievous Hurt (Section 325,326,326A & 326 B IPC)",2014,12,0,12,12,2,14,3,0,3,3,0,3,30,2,32
A & N Islands,20.1 - Grievous Hurt (Section 325 & 326 IPC),2014,12,0,12,12,2,14,3,0,3,3,0,3,30,2,32
A & N Islands,20.2 - Acid attack (Section 326A IPC),2014,0,0,0,0,0,0,0,0,0,0,0,0,0,0,0
A & N Islands,20.3 - Attempt to Acid Attack (Section 326B IPC),2014,0,0,0,0,0,0,0,0,0,0,0,0,0,0,0
A & N Islands,21 - Dowry Deaths (Section 304-B IPC),2014,2,0,2,2,0,2,0,2,2,0,2,2,4,4,8
A & N Islands,22 - Assault on women with intent to outrage her Modesty (Section 354 IPC),2014,19,0,19,13,1,14,13,0,13,0,0,0,45,1,46
A & N Islands,22.1 - Sexual Harassment (Section 354A IPC),2014,7,0,7,6,1,7,6,0,6,0,0,0,19,1,20
A & N Islands,22.2 - Assault on women with intent to Disrobe (Section 354B IPC),2014,0,0,0,1,0,1,0,0,0,0,0,0,1,0,1
A & N Islands,22.3 - Voyeurism (Section 354C IPC),2014,0,0,0,1,0,1,0,0,0,0,0,0,1,0,1
A & N Islands,22.4 - Stalking (Section 354D IPC),2014,7,0,7,0,0,0,0,0,0,0,0,0,7,0,7
A & N Islands,22.5 - Others,2014,5,0,5,5,0,5,7,0,7,0,0,0,17,0,17
A & N Islands,23 - Insult to the Modesty of Women (Section 509 IPC),2014,4,0,4,2,0,2,0,0,0,0,0,0,6,0,6
A & N Islands,23.1 - At Office premises,2014,0,0,0,0,0,0,0,0,0,0,0,0,0,0,0
A & N Islands,23.2 - Places related to work other than Office,2014,0,0,0,0,0,0,0,0,0,0,0,0,0,0,0
A & N Islands,23.3 - In Public Transport system,2014,0,0,0,0,0,0,0,0,0,0,0,0,0,0,0
A & N Islands,23.4 - in Other Places,2014,4,0,4,2,0,2,0,0,0,0,0,0,6,0,6
A & N Islands,24 - Cruelty by Husband or his Relatives (Section 498-A IPC),2014,2,0,2,3,0,3,2,0,2,0,1,1,7,1,8
A & N Islands,25 - Importation of Girls from Foreign Country (Section 366-B IPC),2014,0,0,0,0,0,0,0,0,0,0,0,0,0,0,0
A & N Islands,26 - Causing Death by Negligence (Section 304-A IPC),2014,10,0,10,16,0,16,5,0,5,0,0,0,31,0,31
A & N Islands,26.1 - Deaths due to negligent driving/act,2014,8,0,8,11,0,11,3,0,3,0,0,0,22,0,22
A & N Islands,26.2 - Deaths due to Other Causes,2014,2,0,2,5,0,5,2,0,2,0,0,0,9,0,9
A & N Islands,"27 - Offences against State (Section 121, 121A, 122, 123, 124-A IPC)",2014,0,0,0,0,0,0,0,0,0,0,0,0,0,0,0
A & N Islands,27.1 - Sedition (Section 124A IPC),2014,0,0,0,0,0,0,0,0,0,0,0,0,0,0,0
A & N Islands,27.2 - Other offences against State,2014,0,0,0,0,0,0,0,0,0,0,0,0,0,0,0
A & N Islands,28 - Offences promoting enmity between different groups (Section 153A & 153B IPC),2014,0,0,0,0,0,0,0,0,0,1,0,1,1,0,1
A & N Islands,28.1 - Promoting enmity on ground of religion race and place of Birth (Section 153A IPC),2014,0,0,0,0,0,0,0,0,0,1,0,1,1,0,1
A & N Islands,28.2 - Imputation & assertions prejudicial to national integration (Section 153B IPC),2014,0,0,0,0,0,0,0,0,0,0,0,0,0,0,0
A & N Islands,29 - Extortion (Section 384 - 389 IPC),2014,0,0,0,0,0,0,0,0,0,0,0,0,0,0,0
A & N Islands,30 - Disclosure of Identity of Victims (Section 228 A IPC),2014,0,0,0,0,0,0,0,0,0,0,0,0,0,0,0
A & N Islands,31 - Incidence of Rash Driving (Section 279 IPC Read with 337 & 338),2014,97,0,97,68,1,69,35,0,35,3,0,3,203,1,204
A & N Islands,32 - Human Trafficking (Section 370 & 370A IPC),2014,0,0,0,0,0,0,0,0,0,0,0,0,0,0,0
A & N Islands,33 - Unnatural Offences U/s 377 IPC,2014,1,0,1,2,0,2,0,0,0,0,0,0,3,0,3
A & N Islands,34 - Other IPC crimes,2014,53,22,75,65,13,78,31,6,37,6,1,7,155,42,197
A & N Islands,35 - Total Cognizable IPC crimes,2014,344,31,375,279,30,309,118,10,128,17,4,21,758,75,833
Chandigarh,1 - Murder (Section 302 IPC),2014,20,2,22,15,3,18,5,0,5,0,0,0,40,5,45
Chandigarh,2 - Attempt to commit Murder (Section 307 IPC),2014,24,0,24,34,0,34,13,0,13,0,0,0,71,0,71
Chandigarh,3 - Culpable Homicide not amounting to Murder (Section 304 IPC),2014,5,0,5,4,0,4,2,0,2,0,0,0,11,0,11
Chandigarh,4 - Attempt to commit Culpable Homicide (Section 308 IPC),2014,11,0,11,9,1,10,3,0,3,0,0,0,23,1,24
Chandigarh,5 - Rape (Section 376 IPC),2014,29,2,31,21,1,22,9,0,9,1,0,1,60,3,63
Chandigarh,5.1 - Custodial Rape,2014,0,0,0,0,0,0,0,0,0,0,0,0,0,0,0
Chandigarh,5.1.1 - Gang Rape,2014,0,0,0,0,0,0,0,0,0,0,0,0,0,0,0
Chandigarh,5.1.2 - Other Rape,2014,0,0,0,0,0,0,0,0,0,0,0,0,0,0,0
Chandigarh,5.2 - Rape other than Custodial,2014,29,2,31,21,1,22,9,0,9,1,0,1,60,3,63
Chandigarh,5.2.1 - Gang Rape,2014,0,0,0,0,0,0,0,0,0,0,0,0,0,0,0
Chandigarh,5.2.2 - Other Rape,2014,29,2,31,21,1,22,9,0,9,1,0,1,60,3,63
Chandigarh,6 - Attempt to commit Rape (Section 376/511 IPC),2014,1,0,1,2,0,2,1,0,1,0,0,0,4,0,4
Chandigarh,"7 - Kidnapping & Abduction_Total (Section 3,364,364A, 366-369 IPC)",2014,29,2,31,24,2,26,7,0,7,0,0,0,60,4,64
Chandigarh,7.1 - Kidnapping & Abduction (Section 363 IPC),2014,5,1,6,6,0,6,2,0,2,0,0,0,13,1,14
Chandigarh,7.2 - Kidnaping & Abduction in order to Murder (Section 364 IPC),2014,0,0,0,0,0,0,0,0,0,0,0,0,0,0,0
Chandigarh,7.3 - Kidnapping for Ransom (Section 364A IPC),2014,2,0,2,2,0,2,0,0,0,0,0,0,4,0,4
Chandigarh,7.4 - Kidnapping & Abduction of Women to compel her for marriage (Section 366 IPC),2014,17,1,18,13,0,13,4,0,4,0,0,0,34,1,35
Chandigarh,7.5 - Other Kidnapping,2014,5,0,5,3,2,5,1,0,1,0,0,0,9,2,11
Chandigarh,"8 - Dacoity (Section 395,396-398 IPC)",2014,12,0,12,7,0,7,0,0,0,0,0,0,19,0,19
Chandigarh,8.1 - Dacoity with Murder (Section 396 IPC),2014,0,0,0,0,0,0,0,0,0,0,0,0,0,0,0
Chandigarh,8.2 - Other Dacoity,2014,12,0,12,7,0,7,0,0,0,0,0,0,19,0,19
Chandigarh,9 - Making Preparation and Assembly for committing Dacoity (Section 399 & 402 IPC),2014,12,0,12,7,0,7,0,0,0,0,0,0,19,0,19
Chandigarh,"10 - Robbery (Section 392 to 394, 397 and 398 IPC)",2014,53,0,53,42,0,42,32,0,32,0,0,0,127,0,127
Chandigarh,11 - Criminal Trespass/Burglary_Total (Section 453 to 460 IPC),2014,52,3,55,54,3,57,22,0,22,0,0,0,128,6,134
Chandigarh,"11.1 - Criminal Trespass/Burglary (Section 455, 457 & 458 IPC)",2014,23,2,25,26,2,28,14,0,14,0,0,0,63,4,67
Chandigarh,"11.2 - House Trespass & House Breaking (Section 453,454,456,459 & 460 IPC)",2014,29,1,30,28,1,29,8,0,8,0,0,0,65,2,67
Chandigarh,12 - Theft (Section 379 to 382 IPC),2014,288,17,305,193,15,208,93,0,93,0,0,0,574,32,606
Chandigarh,12.1 - Auto Theft,2014,132,0,132,84,0,84,52,0,52,0,0,0,268,0,268
Chandigarh,12.2 - Other Thefts,2014,156,17,173,109,15,124,41,0,41,0,0,0,306,32,338
Chandigarh,"13 - Unlawful Assembly (Section 143,144 & 145)",2014,0,0,0,0,0,0,0,0,0,0,0,0,0,0,0
Chandigarh,"14 - Riots (Section 147, 148, 149, 150 & 151 IPC)",2014,51,4,55,30,2,32,9,0,9,0,0,0,90,6,96
Chandigarh,14.1 - Communal,2014,0,0,0,0,0,0,0,0,0,0,0,0,0,0,0
Chandigarh,14.2 - Industrial,2014,0,0,0,0,0,0,0,0,0,0,0,0,0,0,0
Chandigarh,14.3 - Political,2014,0,0,0,0,0,0,0,0,0,0,0,0,0,0,0
Chandigarh,14.4 - Caste Conflict,2014,0,0,0,0,0,0,0,0,0,0,0,0,0,0,0
Chandigarh,14.4.1 - SC/STs Vs. Non-SCs/STs,2014,0,0,0,0,0,0,0,0,0,0,0,0,0,0,0
Chandigarh,14.4.2 - Other Caste Riots,2014,0,0,0,0,0,0,0,0,0,0,0,0,0,0,0
Chandigarh,14.5 - Agrarian,2014,0,0,0,0,0,0,0,0,0,0,0,0,0,0,0
Chandigarh,14.6 - Students,2014,18,0,18,0,0,0,0,0,0,0,0,0,18,0,18
Chandigarh,14.7 - Sectarian,2014,0,0,0,0,0,0,0,0,0,0,0,0,0,0,0
Chandigarh,14.8 - Other Riots,2014,33,4,37,30,2,32,9,0,9,0,0,0,72,6,78
Chandigarh,15 - Criminal Breach of Trust (Section 406 to 409 IPC),2014,14,0,14,12,0,12,2,0,2,0,0,0,28,0,28
Chandigarh,16 - Cheating (Section 420 IPC),2014,67,0,67,96,3,99,46,3,49,0,0,0,209,6,215
Chandigarh,"17 - Forgery (Section 465, 468 & 471 IPC)",2014,0,0,0,1,0,1,0,0,0,0,0,0,1,0,1
Chandigarh,"18 - Counterfeiting (Section 231-235,237-240, 242-243, 255 and 489-A to 489-E IPC)",2014,0,0,0,0,0,0,0,0,0,0,0,0,0,0,0
Chandigarh,"18.1 - Offences related to Counterfeit Coin (Section 231-235,237, 238-240 & 242-243 IPC)",2014,0,0,0,0,0,0,0,0,0,0,0,0,0,0,0
Chandigarh,18.2 - Counterfeiting Government Stamp (Section 255 IPC),2014,0,0,0,0,0,0,0,0,0,0,0,0,0,0,0
Chandigarh,18.3 - Counterfeit currency & Bank notes (Section 489-A to 489-E IPC),2014,0,0,0,0,0,0,0,0,0,0,0,0,0,0,0
Chandigarh,18.3.1 - Counterfeiting currency notes or Bank notes (Section 489A IPC),2014,0,0,0,0,0,0,0,0,0,0,0,0,0,0,0
Chandigarh,18.3.2 - Using forged or counterfeit currency/Bank notes (Section 489B IPC),2014,0,0,0,0,0,0,0,0,0,0,0,0,0,0,0
Chandigarh,18.3.3 - Possession of forged or counterfeiting currency / Bank notes (Section 489C IPC),2014,0,0,0,0,0,0,0,0,0,0,0,0,0,0,0
Chandigarh,18.3.4 - Make/Possess materials for forging or counterfeiting currency/Bank notes (Section 489D IPC),2014,0,0,0,0,0,0,0,0,0,0,0,0,0,0,0
Chandigarh,18.3.5 - Make/Use documents resembling currency notes/Bank notes (Section 489 E IPC),2014,0,0,0,0,0,0,0,0,0,0,0,0,0,0,0
Chandigarh,19 - Arson (Section 435-436 & 438 IPC),2014,7,0,7,5,1,6,2,0,2,0,0,0,14,1,15
Chandigarh,"20 - Grievous Hurt (Section 325,326,326A & 326 B IPC)",2014,24,0,24,16,1,17,4,0,4,0,0,0,44,1,45
Chandigarh,20.1 - Grievous Hurt (Section 325 & 326 IPC),2014,24,0,24,16,1,17,4,0,4,0,0,0,44,1,45
Chandigarh,20.2 - Acid attack (Section 326A IPC),2014,0,0,0,0,0,0,0,0,0,0,0,0,0,0,0
Chandigarh,20.3 - Attempt to Acid Attack (Section 326B IPC),2014,0,0,0,0,0,0,0,0,0,0,0,0,0,0,0
Chandigarh,21 - Dowry Deaths (Section 304-B IPC),2014,2,0,2,1,0,1,0,0,0,0,0,0,3,0,3
Chandigarh,22 - Assault on women with intent to outrage her Modesty (Section 354 IPC),2014,62,0,62,42,0,42,13,0,13,0,0,0,117,0,117
Chandigarh,22.1 - Sexual Harassment (Section 354A IPC),2014,18,0,18,14,0,14,7,0,7,0,0,0,39,0,39
Chandigarh,22.2 - Assault on women with intent to Disrobe (Section 354B IPC),2014,2,0,2,2,0,2,0,0,0,0,0,0,4,0,4
Chandigarh,22.3 - Voyeurism (Section 354C IPC),2014,3,0,3,0,0,0,0,0,0,0,0,0,3,0,3
Chandigarh,22.4 - Stalking (Section 354D IPC),2014,7,0,7,5,0,5,0,0,0,0,0,0,12,0,12
Chandigarh,22.5 - Others,2014,32,0,32,21,0,21,6,0,6,0,0,0,59,0,59
Chandigarh,23 - Insult to the Modesty of Women (Section 509 IPC),2014,5,0,5,0,0,0,0,0,0,0,0,0,5,0,5
Chandigarh,23.1 - At Office premises,2014,0,0,0,0,0,0,0,0,0,0,0,0,0,0,0
Chandigarh,23.2 - Places related to work other than Office,2014,2,0,2,0,0,0,0,0,0,0,0,0,2,0,2
Chandigarh,23.3 - In Public Transport system,2014,0,0,0,0,0,0,0,0,0,0,0,0,0,0,0
Chandigarh,23.4 - in Other Places,2014,3,0,3,0,0,0,0,0,0,0,0,0,3,0,3
Chandigarh,24 - Cruelty by Husband or his Relatives (Section 498-A IPC),2014,63,0,63,37,3,40,21,6,27,0,0,0,121,9,130
Chandigarh,25 - Importation of Girls from Foreign Country (Section 366-B IPC),2014,0,0,0,0,0,0,0,0,0,0,0,0,0,0,0
Chandigarh,26 - Causing Death by Negligence (Section 304-A IPC),2014,33,0,33,21,1,22,12,0,12,0,0,0,66,1,67
Chandigarh,26.1 - Deaths due to negligent driving/act,2014,28,0,28,21,1,22,12,0,12,0,0,0,61,1,62
Chandigarh,26.2 - Deaths due to Other Causes,2014,5,0,5,0,0,0,0,0,0,0,0,0,5,0,5
Chandigarh,"27 - Offences against State (Section 121, 121A, 122, 123, 124-A IPC)",2014,0,0,0,0,0,0,0,0,0,0,0,0,0,0,0
Chandigarh,27.1 - Sedition (Section 124A IPC),2014,0,0,0,0,0,0,0,0,0,0,0,0,0,0,0
Chandigarh,27.2 - Other offences against State,2014,0,0,0,0,0,0,0,0,0,0,0,0,0,0,0
Chandigarh,28 - Offences promoting enmity between different groups (Section 153A & 153B IPC),2014,0,0,0,0,0,0,0,0,0,0,0,0,0,0,0
Chandigarh,28.1 - Promoting enmity on ground of religion race and place of Birth (Section 153A IPC),2014,0,0,0,0,0,0,0,0,0,0,0,0,0,0,0
Chandigarh,28.2 - Imputation & assertions prejudicial to national integration (Section 153B IPC),2014,0,0,0,0,0,0,0,0,0,0,0,0,0,0,0
Chandigarh,29 - Extortion (Section 384 - 389 IPC),2014,5,0,5,3,1,4,0,0,0,0,0,0,8,1,9
Chandigarh,30 - Disclosure of Identity of Victims (Section 228 A IPC),2014,0,0,0,0,0,0,0,0,0,0,0,0,0,0,0
Chandigarh,31 - Incidence of Rash Driving (Section 279 IPC Read with 337 & 338),2014,98,6,104,83,5,88,32,0,32,0,0,0,213,11,224
Chandigarh,32 - Human Trafficking (Section 370 & 370A IPC),2014,0,0,0,0,0,0,0,0,0,0,0,0,0,0,0
Chandigarh,33 - Unnatural Offences U/s 377 IPC,2014,1,0,1,2,0,2,0,0,0,0,0,0,3,0,3
Chandigarh,34 - Other IPC crimes,2014,227,11,238,209,9,218,140,7,147,0,0,0,576,27,603
Chandigarh,35 - Total Cognizable IPC crimes,2014,1195,47,1242,970,51,1021,468,16,484,1,0,1,2634,114,2748
D&N Haveli,1 - Murder (Section 302 IPC),2014,2,0,2,1,0,1,0,0,0,0,0,0,3,0,3
D&N Haveli,2 - Attempt to commit Murder (Section 307 IPC),2014,7,0,7,3,1,4,0,0,0,0,0,0,10,1,11
D&N Haveli,3 - Culpable Homicide not amounting to Murder (Section 304 IPC),2014,3,0,3,0,0,0,0,0,0,0,0,0,3,0,3
D&N Haveli,4 - Attempt to commit Culpable Homicide (Section 308 IPC),2014,0,0,0,0,0,0,0,0,0,0,0,0,0,0,0
D&N Haveli,5 - Rape (Section 376 IPC),2014,4,1,5,0,0,0,0,0,0,0,0,0,4,1,5
D&N Haveli,5.1 - Custodial Rape,2014,0,0,0,0,0,0,0,0,0,0,0,0,0,0,0
D&N Haveli,5.1.1 - Gang Rape,2014,0,0,0,0,0,0,0,0,0,0,0,0,0,0,0
D&N Haveli,5.1.2 - Other Rape,2014,0,0,0,0,0,0,0,0,0,0,0,0,0,0,0
D&N Haveli,5.2 - Rape other than Custodial,2014,4,1,5,0,0,0,0,0,0,0,0,0,4,1,5
D&N Haveli,5.2.1 - Gang Rape,2014,0,0,0,0,0,0,0,0,0,0,0,0,0,0,0
D&N Haveli,5.2.2 - Other Rape,2014,4,1,5,0,0,0,0,0,0,0,0,0,4,1,5
D&N Haveli,6 - Attempt to commit Rape (Section 376/511 IPC),2014,0,0,0,0,0,0,0,0,0,0,0,0,0,0,0
D&N Haveli,"7 - Kidnapping & Abduction_Total (Section 3,364,364A, 366-369 IPC)",2014,14,0,14,6,0,6,2,0,2,0,0,0,22,0,22
D&N Haveli,7.1 - Kidnapping & Abduction (Section 363 IPC),2014,14,0,14,6,0,6,2,0,2,0,0,0,22,0,22
D&N Haveli,7.2 - Kidnaping & Abduction in order to Murder (Section 364 IPC),2014,0,0,0,0,0,0,0,0,0,0,0,0,0,0,0
D&N Haveli,7.3 - Kidnapping for Ransom (Section 364A IPC),2014,0,0,0,0,0,0,0,0,0,0,0,0,0,0,0
D&N Haveli,7.4 - Kidnapping & Abduction of Women to compel her for marriage (Section 366 IPC),2014,0,0,0,0,0,0,0,0,0,0,0,0,0,0,0
D&N Haveli,7.5 - Other Kidnapping,2014,0,0,0,0,0,0,0,0,0,0,0,0,0,0,0
D&N Haveli,"8 - Dacoity (Section 395,396-398 IPC)",2014,3,0,3,0,0,0,0,0,0,0,0,0,3,0,3
D&N Haveli,8.1 - Dacoity with Murder (Section 396 IPC),2014,0,0,0,0,0,0,0,0,0,0,0,0,0,0,0
D&N Haveli,8.2 - Other Dacoity,2014,3,0,3,0,0,0,0,0,0,0,0,0,3,0,3
D&N Haveli,9 - Making Preparation and Assembly for committing Dacoity (Section 399 & 402 IPC),2014,0,0,0,0,0,0,0,0,0,0,0,0,0,0,0
D&N Haveli,"10 - Robbery (Section 392 to 394, 397 and 398 IPC)",2014,5,0,5,0,0,0,0,0,0,0,0,0,5,0,5
D&N Haveli,11 - Criminal Trespass/Burglary_Total (Section 453 to 460 IPC),2014,18,0,18,8,0,8,0,0,0,0,0,0,26,0,26
D&N Haveli,"11.1 - Criminal Trespass/Burglary (Section 455, 457 & 458 IPC)",2014,6,0,6,0,0,0,0,0,0,0,0,0,6,0,6
D&N Haveli,"11.2 - House Trespass & House Breaking (Section 453,454,456,459 & 460 IPC)",2014,12,0,12,8,0,8,0,0,0,0,0,0,20,0,20
D&N Haveli,12 - Theft (Section 379 to 382 IPC),2014,46,0,46,15,0,15,0,0,0,0,0,0,61,0,61
D&N Haveli,12.1 - Auto Theft,2014,6,0,6,1,0,1,0,0,0,0,0,0,7,0,7
D&N Haveli,12.2 - Other Thefts,2014,40,0,40,14,0,14,0,0,0,0,0,0,54,0,54
D&N Haveli,"13 - Unlawful Assembly (Section 143,144 & 145)",2014,0,0,0,0,0,0,0,0,0,0,0,0,0,0,0
D&N Haveli,"14 - Riots (Section 147, 148, 149, 150 & 151 IPC)",2014,28,0,28,15,1,16,6,1,7,0,0,0,49,2,51
D&N Haveli,14.1 - Communal,2014,0,0,0,0,0,0,0,0,0,0,0,0,0,0,0
D&N Haveli,14.2 - Industrial,2014,0,0,0,0,0,0,0,0,0,0,0,0,0,0,0
D&N Haveli,14.3 - Political,2014,0,0,0,0,0,0,0,0,0,0,0,0,0,0,0
D&N Haveli,14.4 - Caste Conflict,2014,0,0,0,0,0,0,0,0,0,0,0,0,0,0,0
D&N Haveli,14.4.1 - SC/STs Vs. Non-SCs/STs,2014,0,0,0,0,0,0,0,0,0,0,0,0,0,0,0
D&N Haveli,14.4.2 - Other Caste Riots,2014,0,0,0,0,0,0,0,0,0,0,0,0,0,0,0
D&N Haveli,14.5 - Agrarian,2014,0,0,0,0,0,0,0,0,0,0,0,0,0,0,0
D&N Haveli,14.6 - Students,2014,0,0,0,0,0,0,0,0,0,0,0,0,0,0,0
D&N Haveli,14.7 - Sectarian,2014,0,0,0,0,0,0,0,0,0,0,0,0,0,0,0
D&N Haveli,14.8 - Other Riots,2014,28,0,28,15,1,16,6,1,7,0,0,0,49,2,51
D&N Haveli,15 - Criminal Breach of Trust (Section 406 to 409 IPC),2014,1,0,1,1,0,1,0,0,0,0,0,0,2,0,2
D&N Haveli,16 - Cheating (Section 420 IPC),2014,5,0,5,16,1,17,1,0,1,0,0,0,22,1,23
D&N Haveli,"17 - Forgery (Section 465, 468 & 471 IPC)",2014,0,0,0,0,0,0,0,0,0,0,0,0,0,0,0
D&N Haveli,"18 - Counterfeiting (Section 231-235,237-240, 242-243, 255 and 489-A to 489-E IPC)",2014,2,0,2,0,0,0,0,0,0,0,0,0,2,0,2
D&N Haveli,"18.1 - Offences related to Counterfeit Coin (Section 231-235,237, 238-240 & 242-243 IPC)",2014,0,0,0,0,0,0,0,0,0,0,0,0,0,0,0
D&N Haveli,18.2 - Counterfeiting Government Stamp (Section 255 IPC),2014,0,0,0,0,0,0,0,0,0,0,0,0,0,0,0
D&N Haveli,18.3 - Counterfeit currency & Bank notes (Section 489-A to 489-E IPC),2014,2,0,2,0,0,0,0,0,0,0,0,0,2,0,2
D&N Haveli,18.3.1 - Counterfeiting currency notes or Bank notes (Section 489A IPC),2014,0,0,0,0,0,0,0,0,0,0,0,0,0,0,0
D&N Haveli,18.3.2 - Using forged or counterfeit currency/Bank notes (Section 489B IPC),2014,2,0,2,0,0,0,0,0,0,0,0,0,2,0,2
D&N Haveli,18.3.3 - Possession of forged or counterfeiting currency / Bank notes (Section 489C IPC),2014,0,0,0,0,0,0,0,0,0,0,0,0,0,0,0
D&N Haveli,18.3.4 - Make/Possess materials for forging or counterfeiting currency/Bank notes (Section 489D IPC),2014,0,0,0,0,0,0,0,0,0,0,0,0,0,0,0
D&N Haveli,18.3.5 - Make/Use documents resembling currency notes/Bank notes (Section 489 E IPC),2014,0,0,0,0,0,0,0,0,0,0,0,0,0,0,0
D&N Haveli,19 - Arson (Section 435-436 & 438 IPC),2014,0,0,0,0,0,0,0,0,0,0,0,0,0,0,0
D&N Haveli,"20 - Grievous Hurt (Section 325,326,326A & 326 B IPC)",2014,20,2,22,5,2,7,2,0,2,0,0,0,27,4,31
D&N Haveli,20.1 - Grievous Hurt (Section 325 & 326 IPC),2014,20,2,22,5,2,7,2,0,2,0,0,0,27,4,31
D&N Haveli,20.2 - Acid attack (Section 326A IPC),2014,0,0,0,0,0,0,0,0,0,0,0,0,0,0,0
D&N Haveli,20.3 - Attempt to Acid Attack (Section 326B IPC),2014,0,0,0,0,0,0,0,0,0,0,0,0,0,0,0
D&N Haveli,21 - Dowry Deaths (Section 304-B IPC),2014,0,0,0,0,0,0,0,0,0,0,0,0,0,0,0
D&N Haveli,22 - Assault on women with intent to outrage her Modesty (Section 354 IPC),2014,1,0,1,1,0,1,0,0,0,0,0,0,2,0,2
D&N Haveli,22.1 - Sexual Harassment (Section 354A IPC),2014,0,0,0,0,0,0,0,0,0,0,0,0,0,0,0
D&N Haveli,22.2 - Assault on women with intent to Disrobe (Section 354B IPC),2014,0,0,0,0,0,0,0,0,0,0,0,0,0,0,0
D&N Haveli,22.3 - Voyeurism (Section 354C IPC),2014,0,0,0,0,0,0,0,0,0,0,0,0,0,0,0
D&N Haveli,22.4 - Stalking (Section 354D IPC),2014,0,0,0,0,0,0,0,0,0,0,0,0,0,0,0
D&N Haveli,22.5 - Others,2014,1,0,1,1,0,1,0,0,0,0,0,0,2,0,2
D&N Haveli,23 - Insult to the Modesty of Women (Section 509 IPC),2014,0,0,0,1,0,1,0,0,0,0,0,0,1,0,1
D&N Haveli,23.1 - At Office premises,2014,0,0,0,0,0,0,0,0,0,0,0,0,0,0,0
D&N Haveli,23.2 - Places related to work other than Office,2014,0,0,0,0,0,0,0,0,0,0,0,0,0,0,0
D&N Haveli,23.3 - In Public Transport system,2014,0,0,0,0,0,0,0,0,0,0,0,0,0,0,0
D&N Haveli,23.4 - in Other Places,2014,0,0,0,1,0,1,0,0,0,0,0,0,1,0,1
D&N Haveli,24 - Cruelty by Husband or his Relatives (Section 498-A IPC),2014,2,0,2,2,1,3,0,0,0,0,0,0,4,1,5
D&N Haveli,25 - Importation of Girls from Foreign Country (Section 366-B IPC),2014,0,0,0,0,0,0,0,0,0,0,0,0,0,0,0
D&N Haveli,26 - Causing Death by Negligence (Section 304-A IPC),2014,25,0,25,27,0,27,8,0,8,0,0,0,60,0,60
D&N Haveli,26.1 - Deaths due to negligent driving/act,2014,24,0,24,17,0,17,4,0,4,0,0,0,45,0,45
D&N Haveli,26.2 - Deaths due to Other Causes,2014,1,0,1,10,0,10,4,0,4,0,0,0,15,0,15
D&N Haveli,"27 - Offences against State (Section 121, 121A, 122, 123, 124-A IPC)",2014,0,0,0,0,0,0,0,0,0,0,0,0,0,0,0
D&N Haveli,27.1 - Sedition (Section 124A IPC),2014,0,0,0,0,0,0,0,0,0,0,0,0,0,0,0
D&N Haveli,27.2 - Other offences against State,2014,0,0,0,0,0,0,0,0,0,0,0,0,0,0,0
D&N Haveli,28 - Offences promoting enmity between different groups (Section 153A & 153B IPC),2014,0,0,0,0,0,0,0,0,0,0,0,0,0,0,0
D&N Haveli,28.1 - Promoting enmity on ground of religion race and place of Birth (Section 153A IPC),2014,0,0,0,0,0,0,0,0,0,0,0,0,0,0,0
D&N Haveli,28.2 - Imputation & assertions prejudicial to national integration (Section 153B IPC),2014,0,0,0,0,0,0,0,0,0,0,0,0,0,0,0
D&N Haveli,29 - Extortion (Section 384 - 389 IPC),2014,13,0,13,1,2,3,1,0,1,0,0,0,15,2,17
D&N Haveli,30 - Disclosure of Identity of Victims (Section 228 A IPC),2014,0,0,0,0,0,0,0,0,0,0,0,0,0,0,0
D&N Haveli,31 - Incidence of Rash Driving (Section 279 IPC Read with 337 & 338),2014,17,0,17,14,0,14,2,0,2,0,0,0,33,0,33
D&N Haveli,32 - Human Trafficking (Section 370 & 370A IPC),2014,0,0,0,0,0,0,0,0,0,0,0,0,0,0,0
D&N Haveli,33 - Unnatural Offences U/s 377 IPC,2014,0,0,0,0,0,0,0,0,0,0,0,0,0,0,0
D&N Haveli,34 - Other IPC crimes,2014,8,0,8,19,1,20,6,0,6,0,0,0,33,1,34
D&N Haveli,35 - Total Cognizable IPC crimes,2014,224,3,227,135,9,144,28,1,29,0,0,0,387,13,400
Daman & Diu,1 - Murder (Section 302 IPC),2014,11,0,11,7,0,7,2,0,2,0,0,0,20,0,20
Daman & Diu,2 - Attempt to commit Murder (Section 307 IPC),2014,5,0,5,4,0,4,1,0,1,1,0,1,11,0,11
Daman & Diu,3 - Culpable Homicide not amounting to Murder (Section 304 IPC),2014,0,0,0,0,0,0,0,0,0,0,0,0,0,0,0
Daman & Diu,4 - Attempt to commit Culpable Homicide (Section 308 IPC),2014,0,0,0,0,0,0,0,0,0,0,0,0,0,0,0
Daman & Diu,5 - Rape (Section 376 IPC),2014,1,0,1,1,0,1,0,0,0,0,0,0,2,0,2
Daman & Diu,5.1 - Custodial Rape,2014,0,0,0,0,0,0,0,0,0,0,0,0,0,0,0
Daman & Diu,5.1.1 - Gang Rape,2014,0,0,0,0,0,0,0,0,0,0,0,0,0,0,0
Daman & Diu,5.1.2 - Other Rape,2014,0,0,0,0,0,0,0,0,0,0,0,0,0,0,0
Daman & Diu,5.2 - Rape other than Custodial,2014,1,0,1,1,0,1,0,0,0,0,0,0,2,0,2
Daman & Diu,5.2.1 - Gang Rape,2014,0,0,0,0,0,0,0,0,0,0,0,0,0,0,0
Daman & Diu,5.2.2 - Other Rape,2014,1,0,1,1,0,1,0,0,0,0,0,0,2,0,2
Daman & Diu,6 - Attempt to commit Rape (Section 376/511 IPC),2014,0,0,0,0,0,0,0,0,0,0,0,0,0,0,0
Daman & Diu,"7 - Kidnapping & Abduction_Total (Section 3,364,364A, 366-369 IPC)",2014,4,0,4,4,0,4,2,0,2,0,0,0,10,0,10
Daman & Diu,7.1 - Kidnapping & Abduction (Section 363 IPC),2014,0,0,0,2,0,2,0,0,0,0,0,0,2,0,2
Daman & Diu,7.2 - Kidnaping & Abduction in order to Murder (Section 364 IPC),2014,0,0,0,0,0,0,0,0,0,0,0,0,0,0,0
Daman & Diu,7.3 - Kidnapping for Ransom (Section 364A IPC),2014,0,0,0,0,0,0,0,0,0,0,0,0,0,0,0
Daman & Diu,7.4 - Kidnapping & Abduction of Women to compel her for marriage (Section 366 IPC),2014,0,0,0,0,0,0,0,0,0,0,0,0,0,0,0
Daman & Diu,7.5 - Other Kidnapping,2014,4,0,4,2,0,2,2,0,2,0,0,0,8,0,8
Daman & Diu,"8 - Dacoity (Section 395,396-398 IPC)",2014,0,0,0,1,0,1,0,0,0,0,0,0,1,0,1
Daman & Diu,8.1 - Dacoity with Murder (Section 396 IPC),2014,0,0,0,0,0,0,0,0,0,0,0,0,0,0,0
Daman & Diu,8.2 - Other Dacoity,2014,0,0,0,1,0,1,0,0,0,0,0,0,1,0,1
Daman & Diu,9 - Making Preparation and Assembly for committing Dacoity (Section 399 & 402 IPC),2014,0,0,0,1,0,1,0,0,0,0,0,0,1,0,1
Daman & Diu,"10 - Robbery (Section 392 to 394, 397 and 398 IPC)",2014,3,0,3,3,0,3,3,0,3,1,0,1,10,0,10
Daman & Diu,11 - Criminal Trespass/Burglary_Total (Section 453 to 460 IPC),2014,22,0,22,3,0,3,0,0,0,0,0,0,25,0,25
Daman & Diu,"11.1 - Criminal Trespass/Burglary (Section 455, 457 & 458 IPC)",2014,8,0,8,2,0,2,0,0,0,0,0,0,10,0,10
Daman & Diu,"11.2 - House Trespass & House Breaking (Section 453,454,456,459 & 460 IPC)",2014,14,0,14,1,0,1,0,0,0,0,0,0,15,0,15
Daman & Diu,12 - Theft (Section 379 to 382 IPC),2014,7,0,7,4,0,4,0,0,0,0,0,0,11,0,11
Daman & Diu,12.1 - Auto Theft,2014,5,0,5,2,0,2,0,0,0,0,0,0,7,0,7
Daman & Diu,12.2 - Other Thefts,2014,2,0,2,2,0,2,0,0,0,0,0,0,4,0,4
Daman & Diu,"13 - Unlawful Assembly (Section 143,144 & 145)",2014,0,0,0,0,0,0,0,0,0,0,0,0,0,0,0
Daman & Diu,"14 - Riots (Section 147, 148, 149, 150 & 151 IPC)",2014,28,1,29,7,0,7,1,0,1,0,0,0,36,1,37
Daman & Diu,14.1 - Communal,2014,0,0,0,0,0,0,0,0,0,0,0,0,0,0,0
Daman & Diu,14.2 - Industrial,2014,0,0,0,0,0,0,0,0,0,0,0,0,0,0,0
Daman & Diu,14.3 - Political,2014,0,0,0,0,0,0,0,0,0,0,0,0,0,0,0
Daman & Diu,14.4 - Caste Conflict,2014,0,0,0,0,0,0,0,0,0,0,0,0,0,0,0
Daman & Diu,14.4.1 - SC/STs Vs. Non-SCs/STs,2014,0,0,0,0,0,0,0,0,0,0,0,0,0,0,0
Daman & Diu,14.4.2 - Other Caste Riots,2014,0,0,0,0,0,0,0,0,0,0,0,0,0,0,0
Daman & Diu,14.5 - Agrarian,2014,0,0,0,0,0,0,0,0,0,0,0,0,0,0,0
Daman & Diu,14.6 - Students,2014,0,0,0,0,0,0,0,0,0,0,0,0,0,0,0
Daman & Diu,14.7 - Sectarian,2014,0,0,0,0,0,0,0,0,0,0,0,0,0,0,0
Daman & Diu,14.8 - Other Riots,2014,28,1,29,7,0,7,1,0,1,0,0,0,36,1,37
Daman & Diu,15 - Criminal Breach of Trust (Section 406 to 409 IPC),2014,0,0,0,0,0,0,0,0,0,0,0,0,0,0,0
Daman & Diu,16 - Cheating (Section 420 IPC),2014,39,0,39,19,0,19,10,0,10,1,0,1,69,0,69
Daman & Diu,"17 - Forgery (Section 465, 468 & 471 IPC)",2014,5,0,5,3,0,3,3,0,3,0,0,0,11,0,11
Daman & Diu,"18 - Counterfeiting (Section 231-235,237-240, 242-243, 255 and 489-A to 489-E IPC)",2014,0,0,0,0,0,0,0,0,0,0,0,0,0,0,0
Daman & Diu,"18.1 - Offences related to Counterfeit Coin (Section 231-235,237, 238-240 & 242-243 IPC)",2014,0,0,0,0,0,0,0,0,0,0,0,0,0,0,0
Daman & Diu,18.2 - Counterfeiting Government Stamp (Section 255 IPC),2014,0,0,0,0,0,0,0,0,0,0,0,0,0,0,0
Daman & Diu,18.3 - Counterfeit currency & Bank notes (Section 489-A to 489-E IPC),2014,0,0,0,0,0,0,0,0,0,0,0,0,0,0,0
Daman & Diu,18.3.1 - Counterfeiting currency notes or Bank notes (Section 489A IPC),2014,0,0,0,0,0,0,0,0,0,0,0,0,0,0,0
Daman & Diu,18.3.2 - Using forged or counterfeit currency/Bank notes (Section 489B IPC),2014,0,0,0,0,0,0,0,0,0,0,0,0,0,0,0
Daman & Diu,18.3.3 - Possession of forged or counterfeiting currency / Bank notes (Section 489C IPC),2014,0,0,0,0,0,0,0,0,0,0,0,0,0,0,0
Daman & Diu,18.3.4 - Make/Possess materials for forging or counterfeiting currency/Bank notes (Section 489D IPC),2014,0,0,0,0,0,0,0,0,0,0,0,0,0,0,0
Daman & Diu,18.3.5 - Make/Use documents resembling currency notes/Bank notes (Section 489 E IPC),2014,0,0,0,0,0,0,0,0,0,0,0,0,0,0,0
Daman & Diu,19 - Arson (Section 435-436 & 438 IPC),2014,2,0,2,0,0,0,0,0,0,0,0,0,2,0,2
Daman & Diu,"20 - Grievous Hurt (Section 325,326,326A & 326 B IPC)",2014,10,1,11,4,0,4,7,1,8,0,0,0,21,2,23
Daman & Diu,20.1 - Grievous Hurt (Section 325 & 326 IPC),2014,10,1,11,4,0,4,7,1,8,0,0,0,21,2,23
Daman & Diu,20.2 - Acid attack (Section 326A IPC),2014,0,0,0,0,0,0,0,0,0,0,0,0,0,0,0
Daman & Diu,20.3 - Attempt to Acid Attack (Section 326B IPC),2014,0,0,0,0,0,0,0,0,0,0,0,0,0,0,0
Daman & Diu,21 - Dowry Deaths (Section 304-B IPC),2014,0,0,0,0,0,0,0,0,0,0,0,0,0,0,0
Daman & Diu,22 - Assault on women with intent to outrage her Modesty (Section 354 IPC),2014,2,0,2,1,0,1,0,0,0,0,0,0,3,0,3
Daman & Diu,22.1 - Sexual Harassment (Section 354A IPC),2014,2,0,2,1,0,1,0,0,0,0,0,0,3,0,3
Daman & Diu,22.2 - Assault on women with intent to Disrobe (Section 354B IPC),2014,0,0,0,0,0,0,0,0,0,0,0,0,0,0,0
Daman & Diu,22.3 - Voyeurism (Section 354C IPC),2014,0,0,0,0,0,0,0,0,0,0,0,0,0,0,0
Daman & Diu,22.4 - Stalking (Section 354D IPC),2014,0,0,0,0,0,0,0,0,0,0,0,0,0,0,0
Daman & Diu,22.5 - Others,2014,0,0,0,0,0,0,0,0,0,0,0,0,0,0,0
Daman & Diu,23 - Insult to the Modesty of Women (Section 509 IPC),2014,0,0,0,0,0,0,0,0,0,0,0,0,0,0,0
Daman & Diu,23.1 - At Office premises,2014,0,0,0,0,0,0,0,0,0,0,0,0,0,0,0
Daman & Diu,23.2 - Places related to work other than Office,2014,0,0,0,0,0,0,0,0,0,0,0,0,0,0,0
Daman & Diu,23.3 - In Public Transport system,2014,0,0,0,0,0,0,0,0,0,0,0,0,0,0,0
Daman & Diu,23.4 - in Other Places,2014,0,0,0,0,0,0,0,0,0,0,0,0,0,0,0
Daman & Diu,24 - Cruelty by Husband or his Relatives (Section 498-A IPC),2014,0,0,0,0,0,0,0,0,0,0,0,0,0,0,0
Daman & Diu,25 - Importation of Girls from Foreign Country (Section 366-B IPC),2014,0,0,0,0,0,0,0,0,0,0,0,0,0,0,0
Daman & Diu,26 - Causing Death by Negligence (Section 304-A IPC),2014,4,0,4,10,0,10,3,0,3,0,0,0,17,0,17
Daman & Diu,26.1 - Deaths due to negligent driving/act,2014,3,0,3,6,0,6,1,0,1,0,0,0,10,0,10
Daman & Diu,26.2 - Deaths due to Other Causes,2014,1,0,1,4,0,4,2,0,2,0,0,0,7,0,7
Daman & Diu,"27 - Offences against State (Section 121, 121A, 122, 123, 124-A IPC)",2014,0,0,0,0,0,0,0,0,0,0,0,0,0,0,0
Daman & Diu,27.1 - Sedition (Section 124A IPC),2014,0,0,0,0,0,0,0,0,0,0,0,0,0,0,0
Daman & Diu,27.2 - Other offences against State,2014,0,0,0,0,0,0,0,0,0,0,0,0,0,0,0
Daman & Diu,28 - Offences promoting enmity between different groups (Section 153A & 153B IPC),2014,0,0,0,0,0,0,0,0,0,0,0,0,0,0,0
Daman & Diu,28.1 - Promoting enmity on ground of religion race and place of Birth (Section 153A IPC),2014,0,0,0,0,0,0,0,0,0,0,0,0,0,0,0
Daman & Diu,28.2 - Imputation & assertions prejudicial to national integration (Section 153B IPC),2014,0,0,0,0,0,0,0,0,0,0,0,0,0,0,0
Daman & Diu,29 - Extortion (Section 384 - 389 IPC),2014,3,0,3,0,0,0,1,0,1,0,0,0,4,0,4
Daman & Diu,30 - Disclosure of Identity of Victims (Section 228 A IPC),2014,0,0,0,0,0,0,0,0,0,0,0,0,0,0,0
Daman & Diu,31 - Incidence of Rash Driving (Section 279 IPC Read with 337 & 338),2014,16,0,16,8,0,8,2,0,2,0,0,0,26,0,26
Daman & Diu,32 - Human Trafficking (Section 370 & 370A IPC),2014,0,0,0,0,0,0,0,0,0,0,0,0,0,0,0
Daman & Diu,33 - Unnatural Offences U/s 377 IPC,2014,0,0,0,0,0,0,0,0,0,0,0,0,0,0,0
Daman & Diu,34 - Other IPC crimes,2014,25,3,28,20,2,22,6,1,7,0,0,0,51,6,57
Daman & Diu,35 - Total Cognizable IPC crimes,2014,187,5,192,100,2,102,41,2,43,3,0,3,331,9,340
Delhi UT,1 - Murder (Section 302 IPC),2014,458,13,471,356,14,370,65,2,67,0,0,0,879,29,908
Delhi UT,2 - Attempt to commit Murder (Section 307 IPC),2014,668,4,672,478,10,488,106,1,107,3,0,3,1255,15,1270
Delhi UT,3 - Culpable Homicide not amounting to Murder (Section 304 IPC),2014,30,0,30,33,1,34,9,0,9,0,0,0,72,1,73
Delhi UT,4 - Attempt to commit Culpable Homicide (Section 308 IPC),2014,613,16,629,548,9,557,131,2,133,5,0,5,1297,27,1324
Delhi UT,5 - Rape (Section 376 IPC),2014,1052,14,1066,738,45,783,116,5,121,1,0,1,1907,64,1971
Delhi UT,5.1 - Custodial Rape,2014,0,0,0,0,0,0,0,0,0,0,0,0,0,0,0
Delhi UT,5.1.1 - Gang Rape,2014,0,0,0,0,0,0,0,0,0,0,0,0,0,0,0
Delhi UT,5.1.2 - Other Rape,2014,0,0,0,0,0,0,0,0,0,0,0,0,0,0,0
Delhi UT,5.2 - Rape other than Custodial,2014,1052,14,1066,738,45,783,116,5,121,1,0,1,1907,64,1971
Delhi UT,5.2.1 - Gang Rape,2014,97,3,100,86,6,92,7,1,8,0,0,0,190,10,200
Delhi UT,5.2.2 - Other Rape,2014,955,11,966,652,39,691,109,4,113,1,0,1,1717,54,1771
Delhi UT,6 - Attempt to commit Rape (Section 376/511 IPC),2014,49,0,49,11,0,11,1,0,1,0,0,0,61,0,61
Delhi UT,"7 - Kidnapping & Abduction_Total (Section 3,364,364A, 366-369 IPC)",2014,382,4,386,250,14,264,45,3,48,2,0,2,679,21,700
Delhi UT,7.1 - Kidnapping & Abduction (Section 363 IPC),2014,324,4,328,183,8,191,32,3,35,1,0,1,540,15,555
Delhi UT,7.2 - Kidnaping & Abduction in order to Murder (Section 364 IPC),2014,0,0,0,0,0,0,0,0,0,0,0,0,0,0,0
Delhi UT,7.3 - Kidnapping for Ransom (Section 364A IPC),2014,26,0,26,34,2,36,4,0,4,0,0,0,64,2,66
Delhi UT,7.4 - Kidnapping & Abduction of Women to compel her for marriage (Section 366 IPC),2014,0,0,0,1,0,1,0,0,0,0,0,0,1,0,1
Delhi UT,7.5 - Other Kidnapping,2014,32,0,32,32,4,36,9,0,9,1,0,1,74,4,78
Delhi UT,"8 - Dacoity (Section 395,396-398 IPC)",2014,140,0,140,127,0,127,0,0,0,0,0,0,267,0,267
Delhi UT,8.1 - Dacoity with Murder (Section 396 IPC),2014,0,0,0,1,0,1,0,0,0,0,0,0,1,0,1
Delhi UT,8.2 - Other Dacoity,2014,140,0,140,126,0,126,0,0,0,0,0,0,266,0,266
Delhi UT,9 - Making Preparation and Assembly for committing Dacoity (Section 399 & 402 IPC),2014,0,0,0,15,0,15,0,0,0,0,0,0,15,0,15
Delhi UT,"10 - Robbery (Section 392 to 394, 397 and 398 IPC)",2014,2841,16,2857,1663,7,1670,265,0,265,0,0,0,4769,23,4792
Delhi UT,11 - Criminal Trespass/Burglary_Total (Section 453 to 460 IPC),2014,1417,1,1418,887,8,895,176,0,176,4,0,4,2484,9,2493
Delhi UT,"11.1 - Criminal Trespass/Burglary (Section 455, 457 & 458 IPC)",2014,803,0,803,462,3,465,151,0,151,3,0,3,1419,3,1422
Delhi UT,"11.2 - House Trespass & House Breaking (Section 453,454,456,459 & 460 IPC)",2014,614,1,615,425,5,430,25,0,25,1,0,1,1065,6,1071
Delhi UT,12 - Theft (Section 379 to 382 IPC),2014,7262,71,7333,4919,73,4992,551,9,560,57,3,60,12789,156,12945
Delhi UT,12.1 - Auto Theft,2014,2060,0,2060,1152,0,1152,122,0,122,33,0,33,3367,0,3367
Delhi UT,12.2 - Other Thefts,2014,5202,71,5273,3767,73,3840,429,9,438,24,3,27,9422,156,9578
Delhi UT,"13 - Unlawful Assembly (Section 143,144 & 145)",2014,0,0,0,0,0,0,0,0,0,0,0,0,0,0,0
Delhi UT,"14 - Riots (Section 147, 148, 149, 150 & 151 IPC)",2014,209,10,219,254,6,260,44,9,53,6,0,6,513,25,538
Delhi UT,14.1 - Communal,2014,0,0,0,0,0,0,0,0,0,0,0,0,0,0,0
Delhi UT,14.2 - Industrial,2014,0,0,0,0,0,0,0,0,0,0,0,0,0,0,0
Delhi UT,14.3 - Political,2014,0,0,0,0,0,0,0,0,0,0,0,0,0,0,0
Delhi UT,14.4 - Caste Conflict,2014,9,0,9,4,0,4,0,0,0,0,0,0,13,0,13
Delhi UT,14.4.1 - SC/STs Vs. Non-SCs/STs,2014,0,0,0,0,0,0,0,0,0,0,0,0,0,0,0
Delhi UT,14.4.2 - Other Caste Riots,2014,9,0,9,4,0,4,0,0,0,0,0,0,13,0,13
Delhi UT,14.5 - Agrarian,2014,0,0,0,0,0,0,0,0,0,0,0,0,0,0,0
Delhi UT,14.6 - Students,2014,15,0,15,0,0,0,0,0,0,0,0,0,15,0,15
Delhi UT,14.7 - Sectarian,2014,0,0,0,0,0,0,0,0,0,0,0,0,0,0,0
Delhi UT,14.8 - Other Riots,2014,185,10,195,250,6,256,44,9,53,6,0,6,485,25,510
Delhi UT,15 - Criminal Breach of Trust (Section 406 to 409 IPC),2014,91,0,91,138,0,138,20,0,20,1,0,1,250,0,250
Delhi UT,16 - Cheating (Section 420 IPC),2014,380,2,382,746,17,763,178,14,192,18,0,18,1322,33,1355
Delhi UT,"17 - Forgery (Section 465, 468 & 471 IPC)",2014,102,13,115,146,15,161,76,1,77,12,0,12,336,29,365
Delhi UT,"18 - Counterfeiting (Section 231-235,237-240, 242-243, 255 and 489-A to 489-E IPC)",2014,20,0,20,27,1,28,4,0,4,0,0,0,51,1,52
Delhi UT,"18.1 - Offences related to Counterfeit Coin (Section 231-235,237, 238-240 & 242-243 IPC)",2014,0,0,0,1,0,1,0,0,0,0,0,0,1,0,1
Delhi UT,18.2 - Counterfeiting Government Stamp (Section 255 IPC),2014,0,0,0,0,0,0,0,0,0,0,0,0,0,0,0
Delhi UT,18.3 - Counterfeit currency & Bank notes (Section 489-A to 489-E IPC),2014,20,0,20,26,1,27,4,0,4,0,0,0,50,1,51
Delhi UT,18.3.1 - Counterfeiting currency notes or Bank notes (Section 489A IPC),2014,2,0,2,10,0,10,0,0,0,0,0,0,12,0,12
Delhi UT,18.3.2 - Using forged or counterfeit currency/Bank notes (Section 489B IPC),2014,4,0,4,1,0,1,0,0,0,0,0,0,5,0,5
Delhi UT,18.3.3 - Possession of forged or counterfeiting currency / Bank notes (Section 489C IPC),2014,14,0,14,15,1,16,4,0,4,0,0,0,33,1,34
Delhi UT,18.3.4 - Make/Possess materials for forging or counterfeiting currency/Bank notes (Section 489D IPC),2014,0,0,0,0,0,0,0,0,0,0,0,0,0,0,0
Delhi UT,18.3.5 - Make/Use documents resembling currency notes/Bank notes (Section 489 E IPC),2014,0,0,0,0,0,0,0,0,0,0,0,0,0,0,0
Delhi UT,19 - Arson (Section 435-436 & 438 IPC),2014,35,0,35,28,0,28,2,0,2,0,0,0,65,0,65
Delhi UT,"20 - Grievous Hurt (Section 325,326,326A & 326 B IPC)",2014,407,10,417,278,11,289,69,4,73,9,0,9,763,25,788
Delhi UT,20.1 - Grievous Hurt (Section 325 & 326 IPC),2014,391,10,401,264,10,274,68,4,72,9,0,9,732,24,756
Delhi UT,20.2 - Acid attack (Section 326A IPC),2014,11,0,11,8,1,9,0,0,0,0,0,0,19,1,20
Delhi UT,20.3 - Attempt to Acid Attack (Section 326B IPC),2014,5,0,5,6,0,6,1,0,1,0,0,0,12,0,12
Delhi UT,21 - Dowry Deaths (Section 304-B IPC),2014,108,10,118,107,19,126,32,12,44,4,2,6,251,43,294
Delhi UT,22 - Assault on women with intent to outrage her Modesty (Section 354 IPC),2014,2116,11,2127,1245,18,1263,279,4,283,13,1,14,3653,34,3687
Delhi UT,22.1 - Sexual Harassment (Section 354A IPC),2014,646,1,647,281,3,284,85,0,85,3,0,3,1015,4,1019
Delhi UT,22.2 - Assault on women with intent to Disrobe (Section 354B IPC),2014,131,2,133,151,1,152,27,1,28,0,0,0,309,4,313
Delhi UT,22.3 - Voyeurism (Section 354C IPC),2014,14,0,14,8,0,8,2,0,2,0,0,0,24,0,24
Delhi UT,22.4 - Stalking (Section 354D IPC),2014,232,0,232,151,0,151,34,0,34,1,0,1,418,0,418
Delhi UT,22.5 - Others,2014,1093,8,1101,654,14,668,131,3,134,9,1,10,1887,26,1913
Delhi UT,23 - Insult to the Modesty of Women (Section 509 IPC),2014,586,4,590,300,2,302,35,1,36,4,0,4,925,7,932
Delhi UT,23.1 - At Office premises,2014,4,0,4,4,0,4,0,0,0,0,0,0,8,0,8
Delhi UT,23.2 - Places related to work other than Office,2014,11,0,11,9,0,9,0,0,0,0,0,0,20,0,20
Delhi UT,23.3 - In Public Transport system,2014,4,0,4,2,0,2,0,0,0,0,0,0,6,0,6
Delhi UT,23.4 - in Other Places,2014,567,4,571,285,2,287,35,1,36,4,0,4,891,7,898
Delhi UT,24 - Cruelty by Husband or his Relatives (Section 498-A IPC),2014,219,5,224,275,27,302,31,10,41,3,5,8,528,47,575
Delhi UT,25 - Importation of Girls from Foreign Country (Section 366-B IPC),2014,0,0,0,0,0,0,0,0,0,0,0,0,0,0,0
Delhi UT,26 - Causing Death by Negligence (Section 304-A IPC),2014,691,2,693,431,3,434,81,1,82,0,0,0,1203,6,1209
Delhi UT,26.1 - Deaths due to negligent driving/act,2014,608,2,610,373,3,376,62,1,63,0,0,0,1043,6,1049
Delhi UT,26.2 - Deaths due to Other Causes,2014,83,0,83,58,0,58,19,0,19,0,0,0,160,0,160
Delhi UT,"27 - Offences against State (Section 121, 121A, 122, 123, 124-A IPC)",2014,0,0,0,0,0,0,0,0,0,0,0,0,0,0,0
Delhi UT,27.1 - Sedition (Section 124A IPC),2014,0,0,0,0,0,0,0,0,0,0,0,0,0,0,0
Delhi UT,27.2 - Other offences against State,2014,0,0,0,0,0,0,0,0,0,0,0,0,0,0,0
Delhi UT,28 - Offences promoting enmity between different groups (Section 153A & 153B IPC),2014,21,0,21,15,0,15,0,0,0,0,0,0,36,0,36
Delhi UT,28.1 - Promoting enmity on ground of religion race and place of Birth (Section 153A IPC),2014,21,0,21,15,0,15,0,0,0,0,0,0,36,0,36
Delhi UT,28.2 - Imputation & assertions prejudicial to national integration (Section 153B IPC),2014,0,0,0,0,0,0,0,0,0,0,0,0,0,0,0
Delhi UT,29 - Extortion (Section 384 - 389 IPC),2014,89,3,92,89,12,101,21,4,25,0,0,0,199,19,218
Delhi UT,30 - Disclosure of Identity of Victims (Section 228 A IPC),2014,0,0,0,0,0,0,0,0,0,0,0,0,0,0,0
Delhi UT,31 - Incidence of Rash Driving (Section 279 IPC Read with 337 & 338),2014,2856,36,2892,2363,57,2420,847,4,851,31,0,31,6097,97,6194
Delhi UT,32 - Human Trafficking (Section 370 & 370A IPC),2014,0,0,0,4,0,4,3,0,3,0,0,0,7,0,7
Delhi UT,33 - Unnatural Offences U/s 377 IPC,2014,123,0,123,81,0,81,14,0,14,0,0,0,218,0,218
Delhi UT,34 - Other IPC crimes,2014,8657,267,8924,6252,214,6466,2142,47,2189,80,2,82,17131,530,17661
Delhi UT,35 - Total Cognizable IPC crimes,2014,31622,512,32134,22804,583,23387,5343,133,5476,253,13,266,60022,1241,61263
Lakshadweep,1 - Murder (Section 302 IPC),2014,0,0,0,0,0,0,0,0,0,0,0,0,0,0,0
Lakshadweep,2 - Attempt to commit Murder (Section 307 IPC),2014,0,0,0,0,0,0,0,0,0,0,0,0,0,0,0
Lakshadweep,3 - Culpable Homicide not amounting to Murder (Section 304 IPC),2014,0,0,0,0,0,0,0,0,0,0,0,0,0,0,0
Lakshadweep,4 - Attempt to commit Culpable Homicide (Section 308 IPC),2014,0,0,0,0,0,0,0,0,0,0,0,0,0,0,0
Lakshadweep,5 - Rape (Section 376 IPC),2014,1,0,1,0,0,0,0,0,0,0,0,0,1,0,1
Lakshadweep,5.1 - Custodial Rape,2014,0,0,0,0,0,0,0,0,0,0,0,0,0,0,0
Lakshadweep,5.1.1 - Gang Rape,2014,0,0,0,0,0,0,0,0,0,0,0,0,0,0,0
Lakshadweep,5.1.2 - Other Rape,2014,0,0,0,0,0,0,0,0,0,0,0,0,0,0,0
Lakshadweep,5.2 - Rape other than Custodial,2014,1,0,1,0,0,0,0,0,0,0,0,0,1,0,1
Lakshadweep,5.2.1 - Gang Rape,2014,0,0,0,0,0,0,0,0,0,0,0,0,0,0,0
Lakshadweep,5.2.2 - Other Rape,2014,1,0,1,0,0,0,0,0,0,0,0,0,1,0,1
Lakshadweep,6 - Attempt to commit Rape (Section 376/511 IPC),2014,0,0,0,0,0,0,0,0,0,0,0,0,0,0,0
Lakshadweep,"7 - Kidnapping & Abduction_Total (Section 3,364,364A, 366-369 IPC)",2014,0,0,0,0,0,0,0,0,0,0,0,0,0,0,0
Lakshadweep,7.1 - Kidnapping & Abduction (Section 363 IPC),2014,0,0,0,0,0,0,0,0,0,0,0,0,0,0,0
Lakshadweep,7.2 - Kidnaping & Abduction in order to Murder (Section 364 IPC),2014,0,0,0,0,0,0,0,0,0,0,0,0,0,0,0
Lakshadweep,7.3 - Kidnapping for Ransom (Section 364A IPC),2014,0,0,0,0,0,0,0,0,0,0,0,0,0,0,0
Lakshadweep,7.4 - Kidnapping & Abduction of Women to compel her for marriage (Section 366 IPC),2014,0,0,0,0,0,0,0,0,0,0,0,0,0,0,0
Lakshadweep,7.5 - Other Kidnapping,2014,0,0,0,0,0,0,0,0,0,0,0,0,0,0,0
Lakshadweep,"8 - Dacoity (Section 395,396-398 IPC)",2014,0,0,0,0,0,0,0,0,0,0,0,0,0,0,0
Lakshadweep,8.1 - Dacoity with Murder (Section 396 IPC),2014,0,0,0,0,0,0,0,0,0,0,0,0,0,0,0
Lakshadweep,8.2 - Other Dacoity,2014,0,0,0,0,0,0,0,0,0,0,0,0,0,0,0
Lakshadweep,9 - Making Preparation and Assembly for committing Dacoity (Section 399 & 402 IPC),2014,0,0,0,0,0,0,0,0,0,0,0,0,0,0,0
Lakshadweep,"10 - Robbery (Section 392 to 394, 397 and 398 IPC)",2014,0,0,0,0,0,0,0,0,0,0,0,0,0,0,0
Lakshadweep,11 - Criminal Trespass/Burglary_Total (Section 453 to 460 IPC),2014,0,0,0,1,0,1,0,0,0,0,0,0,1,0,1
Lakshadweep,"11.1 - Criminal Trespass/Burglary (Section 455, 457 & 458 IPC)",2014,0,0,0,0,0,0,0,0,0,0,0,0,0,0,0
Lakshadweep,"11.2 - House Trespass & House Breaking (Section 453,454,456,459 & 460 IPC)",2014,0,0,0,1,0,1,0,0,0,0,0,0,1,0,1
Lakshadweep,12 - Theft (Section 379 to 382 IPC),2014,5,0,5,6,0,6,0,0,0,0,0,0,11,0,11
Lakshadweep,12.1 - Auto Theft,2014,0,0,0,0,0,0,0,0,0,0,0,0,0,0,0
Lakshadweep,12.2 - Other Thefts,2014,5,0,5,6,0,6,0,0,0,0,0,0,11,0,11
Lakshadweep,"13 - Unlawful Assembly (Section 143,144 & 145)",2014,5,0,5,6,0,6,0,0,0,0,0,0,11,0,11
Lakshadweep,"14 - Riots (Section 147, 148, 149, 150 & 151 IPC)",2014,0,0,0,14,0,14,0,0,0,0,0,0,14,0,14
Lakshadweep,14.1 - Communal,2014,0,0,0,0,0,0,0,0,0,0,0,0,0,0,0
Lakshadweep,14.2 - Industrial,2014,0,0,0,0,0,0,0,0,0,0,0,0,0,0,0
Lakshadweep,14.3 - Political,2014,0,0,0,14,0,14,0,0,0,0,0,0,14,0,14
Lakshadweep,14.4 - Caste Conflict,2014,0,0,0,0,0,0,0,0,0,0,0,0,0,0,0
Lakshadweep,14.4.1 - SC/STs Vs. Non-SCs/STs,2014,0,0,0,0,0,0,0,0,0,0,0,0,0,0,0
Lakshadweep,14.4.2 - Other Caste Riots,2014,0,0,0,0,0,0,0,0,0,0,0,0,0,0,0
Lakshadweep,14.5 - Agrarian,2014,0,0,0,0,0,0,0,0,0,0,0,0,0,0,0
Lakshadweep,14.6 - Students,2014,0,0,0,0,0,0,0,0,0,0,0,0,0,0,0
Lakshadweep,14.7 - Sectarian,2014,0,0,0,0,0,0,0,0,0,0,0,0,0,0,0
Lakshadweep,14.8 - Other Riots,2014,0,0,0,0,0,0,0,0,0,0,0,0,0,0,0
Lakshadweep,15 - Criminal Breach of Trust (Section 406 to 409 IPC),2014,0,0,0,0,0,0,0,0,0,0,0,0,0,0,0
Lakshadweep,16 - Cheating (Section 420 IPC),2014,0,0,0,0,0,0,0,0,0,0,0,0,0,0,0
Lakshadweep,"17 - Forgery (Section 465, 468 & 471 IPC)",2014,0,0,0,0,0,0,0,0,0,0,0,0,0,0,0
Lakshadweep,"18 - Counterfeiting (Section 231-235,237-240, 242-243, 255 and 489-A to 489-E IPC)",2014,0,0,0,0,0,0,0,0,0,0,0,0,0,0,0
Lakshadweep,"18.1 - Offences related to Counterfeit Coin (Section 231-235,237, 238-240 & 242-243 IPC)",2014,0,0,0,0,0,0,0,0,0,0,0,0,0,0,0
Lakshadweep,18.2 - Counterfeiting Government Stamp (Section 255 IPC),2014,0,0,0,0,0,0,0,0,0,0,0,0,0,0,0
Lakshadweep,18.3 - Counterfeit currency & Bank notes (Section 489-A to 489-E IPC),2014,0,0,0,0,0,0,0,0,0,0,0,0,0,0,0
Lakshadweep,18.3.1 - Counterfeiting currency notes or Bank notes (Section 489A IPC),2014,0,0,0,0,0,0,0,0,0,0,0,0,0,0,0
Lakshadweep,18.3.2 - Using forged or counterfeit currency/Bank notes (Section 489B IPC),2014,0,0,0,0,0,0,0,0,0,0,0,0,0,0,0
Lakshadweep,18.3.3 - Possession of forged or counterfeiting currency / Bank notes (Section 489C IPC),2014,0,0,0,0,0,0,0,0,0,0,0,0,0,0,0
Lakshadweep,18.3.4 - Make/Possess materials for forging or counterfeiting currency/Bank notes (Section 489D IPC),2014,0,0,0,0,0,0,0,0,0,0,0,0,0,0,0
Lakshadweep,18.3.5 - Make/Use documents resembling currency notes/Bank notes (Section 489 E IPC),2014,0,0,0,0,0,0,0,0,0,0,0,0,0,0,0
Lakshadweep,19 - Arson (Section 435-436 & 438 IPC),2014,0,0,0,0,0,0,0,0,0,0,0,0,0,0,0
Lakshadweep,"20 - Grievous Hurt (Section 325,326,326A & 326 B IPC)",2014,0,0,0,0,0,0,0,0,0,0,0,0,0,0,0
Lakshadweep,20.1 - Grievous Hurt (Section 325 & 326 IPC),2014,0,0,0,0,0,0,0,0,0,0,0,0,0,0,0
Lakshadweep,20.2 - Acid attack (Section 326A IPC),2014,0,0,0,0,0,0,0,0,0,0,0,0,0,0,0
Lakshadweep,20.3 - Attempt to Acid Attack (Section 326B IPC),2014,0,0,0,0,0,0,0,0,0,0,0,0,0,0,0
Lakshadweep,21 - Dowry Deaths (Section 304-B IPC),2014,0,0,0,0,0,0,0,0,0,0,0,0,0,0,0
Lakshadweep,22 - Assault on women with intent to outrage her Modesty (Section 354 IPC),2014,0,0,0,0,0,0,2,0,2,0,0,0,2,0,2
Lakshadweep,22.1 - Sexual Harassment (Section 354A IPC),2014,0,0,0,0,0,0,0,0,0,0,0,0,0,0,0
Lakshadweep,22.2 - Assault on women with intent to Disrobe (Section 354B IPC),2014,0,0,0,0,0,0,0,0,0,0,0,0,0,0,0
Lakshadweep,22.3 - Voyeurism (Section 354C IPC),2014,0,0,0,0,0,0,0,0,0,0,0,0,0,0,0
Lakshadweep,22.4 - Stalking (Section 354D IPC),2014,0,0,0,0,0,0,0,0,0,0,0,0,0,0,0
Lakshadweep,22.5 - Others,2014,0,0,0,0,0,0,2,0,2,0,0,0,2,0,2
Lakshadweep,23 - Insult to the Modesty of Women (Section 509 IPC),2014,0,0,0,0,0,0,0,0,0,0,0,0,0,0,0
Lakshadweep,23.1 - At Office premises,2014,0,0,0,0,0,0,0,0,0,0,0,0,0,0,0
Lakshadweep,23.2 - Places related to work other than Office,2014,0,0,0,0,0,0,0,0,0,0,0,0,0,0,0
Lakshadweep,23.3 - In Public Transport system,2014,0,0,0,0,0,0,0,0,0,0,0,0,0,0,0
Lakshadweep,23.4 - in Other Places,2014,0,0,0,0,0,0,0,0,0,0,0,0,0,0,0
Lakshadweep,24 - Cruelty by Husband or his Relatives (Section 498-A IPC),2014,0,0,0,0,0,0,0,0,0,0,0,0,0,0,0
Lakshadweep,25 - Importation of Girls from Foreign Country (Section 366-B IPC),2014,0,0,0,0,0,0,0,0,0,0,0,0,0,0,0
Lakshadweep,26 - Causing Death by Negligence (Section 304-A IPC),2014,0,0,0,0,0,0,0,0,0,0,0,0,0,0,0
Lakshadweep,26.1 - Deaths due to negligent driving/act,2014,0,0,0,0,0,0,0,0,0,0,0,0,0,0,0
Lakshadweep,26.2 - Deaths due to Other Causes,2014,0,0,0,0,0,0,0,0,0,0,0,0,0,0,0
Lakshadweep,"27 - Offences against State (Section 121, 121A, 122, 123, 124-A IPC)",2014,0,0,0,0,0,0,0,0,0,0,0,0,0,0,0
Lakshadweep,27.1 - Sedition (Section 124A IPC),2014,0,0,0,0,0,0,0,0,0,0,0,0,0,0,0
Lakshadweep,27.2 - Other offences against State,2014,0,0,0,0,0,0,0,0,0,0,0,0,0,0,0
Lakshadweep,28 - Offences promoting enmity between different groups (Section 153A & 153B IPC),2014,0,0,0,0,0,0,0,0,0,0,0,0,0,0,0
Lakshadweep,28.1 - Promoting enmity on ground of religion race and place of Birth (Section 153A IPC),2014,0,0,0,0,0,0,0,0,0,0,0,0,0,0,0
Lakshadweep,28.2 - Imputation & assertions prejudicial to national integration (Section 153B IPC),2014,0,0,0,0,0,0,0,0,0,0,0,0,0,0,0
Lakshadweep,29 - Extortion (Section 384 - 389 IPC),2014,0,0,0,0,0,0,0,0,0,0,0,0,0,0,0
Lakshadweep,30 - Disclosure of Identity of Victims (Section 228 A IPC),2014,0,0,0,0,0,0,0,0,0,0,0,0,0,0,0
Lakshadweep,31 - Incidence of Rash Driving (Section 279 IPC Read with 337 & 338),2014,0,0,0,0,0,0,0,0,0,0,0,0,0,0,0
Lakshadweep,32 - Human Trafficking (Section 370 & 370A IPC),2014,0,0,0,0,0,0,0,0,0,0,0,0,0,0,0
Lakshadweep,33 - Unnatural Offences U/s 377 IPC,2014,0,0,0,0,0,0,0,0,0,0,0,0,0,0,0
Lakshadweep,34 - Other IPC crimes,2014,0,0,0,8,0,8,1,0,1,1,0,1,10,0,10
Lakshadweep,35 - Total Cognizable IPC crimes,2014,11,0,11,35,0,35,3,0,3,1,0,1,50,0,50
Puducherry,1 - Murder (Section 302 IPC),2014,100,2,102,34,3,37,9,0,9,0,0,0,143,5,148
Puducherry,2 - Attempt to commit Murder (Section 307 IPC),2014,138,0,138,10,0,10,18,0,18,0,0,0,166,0,166
Puducherry,3 - Culpable Homicide not amounting to Murder (Section 304 IPC),2014,5,0,5,4,0,4,0,0,0,0,0,0,9,0,9
Puducherry,4 - Attempt to commit Culpable Homicide (Section 308 IPC),2014,0,0,0,0,0,0,0,0,0,0,0,0,0,0,0
Puducherry,5 - Rape (Section 376 IPC),2014,4,0,4,10,0,10,1,0,1,0,0,0,15,0,15
Puducherry,5.1 - Custodial Rape,2014,0,0,0,4,0,4,1,0,1,0,0,0,5,0,5
Puducherry,5.1.1 - Gang Rape,2014,0,0,0,0,0,0,0,0,0,0,0,0,0,0,0
Puducherry,5.1.2 - Other Rape,2014,0,0,0,4,0,4,1,0,1,0,0,0,5,0,5
Puducherry,5.2 - Rape other than Custodial,2014,4,0,4,6,0,6,0,0,0,0,0,0,10,0,10
Puducherry,5.2.1 - Gang Rape,2014,0,0,0,0,0,0,0,0,0,0,0,0,0,0,0
Puducherry,5.2.2 - Other Rape,2014,4,0,4,6,0,6,0,0,0,0,0,0,10,0,10
Puducherry,6 - Attempt to commit Rape (Section 376/511 IPC),2014,0,0,0,0,0,0,0,0,0,0,0,0,0,0,0
Puducherry,"7 - Kidnapping & Abduction_Total (Section 3,364,364A, 366-369 IPC)",2014,11,0,11,4,0,4,0,0,0,0,0,0,15,0,15
Puducherry,7.1 - Kidnapping & Abduction (Section 363 IPC),2014,6,0,6,0,0,0,0,0,0,0,0,0,6,0,6
Puducherry,7.2 - Kidnaping & Abduction in order to Murder (Section 364 IPC),2014,0,0,0,0,0,0,0,0,0,0,0,0,0,0,0
Puducherry,7.3 - Kidnapping for Ransom (Section 364A IPC),2014,2,0,2,4,0,4,0,0,0,0,0,0,6,0,6
Puducherry,7.4 - Kidnapping & Abduction of Women to compel her for marriage (Section 366 IPC),2014,1,0,1,0,0,0,0,0,0,0,0,0,1,0,1
Puducherry,7.5 - Other Kidnapping,2014,2,0,2,0,0,0,0,0,0,0,0,0,2,0,2
Puducherry,"8 - Dacoity (Section 395,396-398 IPC)",2014,2,0,2,6,0,6,1,0,1,0,0,0,9,0,9
Puducherry,8.1 - Dacoity with Murder (Section 396 IPC),2014,0,0,0,0,0,0,0,0,0,0,0,0,0,0,0
Puducherry,8.2 - Other Dacoity,2014,2,0,2,6,0,6,1,0,1,0,0,0,9,0,9
Puducherry,9 - Making Preparation and Assembly for committing Dacoity (Section 399 & 402 IPC),2014,23,0,23,14,0,14,0,0,0,0,0,0,37,0,37
Puducherry,"10 - Robbery (Section 392 to 394, 397 and 398 IPC)",2014,1,0,1,5,0,5,1,0,1,0,0,0,7,0,7
Puducherry,11 - Criminal Trespass/Burglary_Total (Section 453 to 460 IPC),2014,42,0,42,23,0,23,2,0,2,1,0,1,68,0,68
Puducherry,"11.1 - Criminal Trespass/Burglary (Section 455, 457 & 458 IPC)",2014,33,0,33,15,0,15,1,0,1,0,0,0,49,0,49
Puducherry,"11.2 - House Trespass & House Breaking (Section 453,454,456,459 & 460 IPC)",2014,9,0,9,8,0,8,1,0,1,1,0,1,19,0,19
Puducherry,12 - Theft (Section 379 to 382 IPC),2014,145,3,148,54,6,60,18,0,18,1,1,2,218,10,228
Puducherry,12.1 - Auto Theft,2014,70,0,70,26,0,26,9,0,9,1,0,1,106,0,106
Puducherry,12.2 - Other Thefts,2014,75,3,78,28,6,34,9,0,9,0,1,1,112,10,122
Puducherry,"13 - Unlawful Assembly (Section 143,144 & 145)",2014,13,0,13,17,0,17,27,0,27,0,0,0,57,0,57
Puducherry,"14 - Riots (Section 147, 148, 149, 150 & 151 IPC)",2014,97,0,97,80,5,85,21,2,23,0,0,0,198,7,205
Puducherry,14.1 - Communal,2014,49,0,49,36,2,38,17,2,19,0,0,0,102,4,106
Puducherry,14.2 - Industrial,2014,0,0,0,0,0,0,0,0,0,0,0,0,0,0,0
Puducherry,14.3 - Political,2014,0,0,0,21,0,21,2,0,2,0,0,0,23,0,23
Puducherry,14.4 - Caste Conflict,2014,17,0,17,13,3,16,1,0,1,0,0,0,31,3,34
Puducherry,14.4.1 - SC/STs Vs. Non-SCs/STs,2014,6,0,6,6,0,6,1,0,1,0,0,0,13,0,13
Puducherry,14.4.2 - Other Caste Riots,2014,11,0,11,7,3,10,0,0,0,0,0,0,18,3,21
Puducherry,14.5 - Agrarian,2014,0,0,0,0,0,0,0,0,0,0,0,0,0,0,0
Puducherry,14.6 - Students,2014,11,0,11,0,0,0,0,0,0,0,0,0,11,0,11
Puducherry,14.7 - Sectarian,2014,0,0,0,0,0,0,0,0,0,0,0,0,0,0,0
Puducherry,14.8 - Other Riots,2014,20,0,20,10,0,10,1,0,1,0,0,0,31,0,31
Puducherry,15 - Criminal Breach of Trust (Section 406 to 409 IPC),2014,6,0,6,2,2,4,1,0,1,0,0,0,9,2,11
Puducherry,16 - Cheating (Section 420 IPC),2014,11,2,13,33,8,41,15,4,19,2,0,2,61,14,75
Puducherry,"17 - Forgery (Section 465, 468 & 471 IPC)",2014,2,3,5,14,2,16,15,1,16,2,0,2,33,6,39
Puducherry,"18 - Counterfeiting (Section 231-235,237-240, 242-243, 255 and 489-A to 489-E IPC)",2014,0,0,0,0,0,0,0,0,0,0,0,0,0,0,0
Puducherry,"18.1 - Offences related to Counterfeit Coin (Section 231-235,237, 238-240 & 242-243 IPC)",2014,0,0,0,0,0,0,0,0,0,0,0,0,0,0,0
Puducherry,18.2 - Counterfeiting Government Stamp (Section 255 IPC),2014,0,0,0,0,0,0,0,0,0,0,0,0,0,0,0
Puducherry,18.3 - Counterfeit currency & Bank notes (Section 489-A to 489-E IPC),2014,0,0,0,0,0,0,0,0,0,0,0,0,0,0,0
Puducherry,18.3.1 - Counterfeiting currency notes or Bank notes (Section 489A IPC),2014,0,0,0,0,0,0,0,0,0,0,0,0,0,0,0
Puducherry,18.3.2 - Using forged or counterfeit currency/Bank notes (Section 489B IPC),2014,0,0,0,0,0,0,0,0,0,0,0,0,0,0,0
Puducherry,18.3.3 - Possession of forged or counterfeiting currency / Bank notes (Section 489C IPC),2014,0,0,0,0,0,0,0,0,0,0,0,0,0,0,0
Puducherry,18.3.4 - Make/Possess materials for forging or counterfeiting currency/Bank notes (Section 489D IPC),2014,0,0,0,0,0,0,0,0,0,0,0,0,0,0,0
Puducherry,18.3.5 - Make/Use documents resembling currency notes/Bank notes (Section 489 E IPC),2014,0,0,0,0,0,0,0,0,0,0,0,0,0,0,0
Puducherry,19 - Arson (Section 435-436 & 438 IPC),2014,0,0,0,0,0,0,0,0,0,0,0,0,0,0,0
Puducherry,"20 - Grievous Hurt (Section 325,326,326A & 326 B IPC)",2014,46,1,47,59,2,61,30,0,30,0,0,0,135,3,138
Puducherry,20.1 - Grievous Hurt (Section 325 & 326 IPC),2014,46,1,47,59,2,61,30,0,30,0,0,0,135,3,138
Puducherry,20.2 - Acid attack (Section 326A IPC),2014,0,0,0,0,0,0,0,0,0,0,0,0,0,0,0
Puducherry,20.3 - Attempt to Acid Attack (Section 326B IPC),2014,0,0,0,0,0,0,0,0,0,0,0,0,0,0,0
Puducherry,21 - Dowry Deaths (Section 304-B IPC),2014,2,0,2,1,0,1,0,0,0,0,0,0,3,0,3
Puducherry,22 - Assault on women with intent to outrage her Modesty (Section 354 IPC),2014,7,2,9,14,3,17,9,0,9,0,0,0,30,5,35
Puducherry,22.1 - Sexual Harassment (Section 354A IPC),2014,1,2,3,3,0,3,1,0,1,0,0,0,5,2,7
Puducherry,22.2 - Assault on women with intent to Disrobe (Section 354B IPC),2014,2,0,2,5,2,7,1,0,1,0,0,0,8,2,10
Puducherry,22.3 - Voyeurism (Section 354C IPC),2014,0,0,0,2,0,2,0,0,0,0,0,0,2,0,2
Puducherry,22.4 - Stalking (Section 354D IPC),2014,1,0,1,0,0,0,0,0,0,0,0,0,1,0,1
Puducherry,22.5 - Others,2014,3,0,3,4,1,5,7,0,7,0,0,0,14,1,15
Puducherry,23 - Insult to the Modesty of Women (Section 509 IPC),2014,8,0,8,8,0,8,1,0,1,0,0,0,17,0,17
Puducherry,23.1 - At Office premises,2014,0,0,0,4,0,4,0,0,0,0,0,0,4,0,4
Puducherry,23.2 - Places related to work other than Office,2014,0,0,0,2,0,2,0,0,0,0,0,0,2,0,2
Puducherry,23.3 - In Public Transport system,2014,0,0,0,0,0,0,0,0,0,0,0,0,0,0,0
Puducherry,23.4 - in Other Places,2014,8,0,8,2,0,2,1,0,1,0,0,0,11,0,11
Puducherry,24 - Cruelty by Husband or his Relatives (Section 498-A IPC),2014,2,0,2,2,0,2,0,0,0,0,0,0,4,0,4
Puducherry,25 - Importation of Girls from Foreign Country (Section 366-B IPC),2014,0,0,0,0,0,0,0,0,0,0,0,0,0,0,0
Puducherry,26 - Causing Death by Negligence (Section 304-A IPC),2014,76,0,76,98,0,98,25,0,25,1,0,1,200,0,200
Puducherry,26.1 - Deaths due to negligent driving/act,2014,73,0,73,93,0,93,21,0,21,0,0,0,187,0,187
Puducherry,26.2 - Deaths due to Other Causes,2014,3,0,3,5,0,5,4,0,4,1,0,1,13,0,13
Puducherry,"27 - Offences against State (Section 121, 121A, 122, 123, 124-A IPC)",2014,0,0,0,0,0,0,0,0,0,0,0,0,0,0,0
Puducherry,27.1 - Sedition (Section 124A IPC),2014,0,0,0,0,0,0,0,0,0,0,0,0,0,0,0
Puducherry,27.2 - Other offences against State,2014,0,0,0,0,0,0,0,0,0,0,0,0,0,0,0
Puducherry,28 - Offences promoting enmity between different groups (Section 153A & 153B IPC),2014,0,0,0,2,0,2,0,0,0,0,0,0,2,0,2
Puducherry,28.1 - Promoting enmity on ground of religion race and place of Birth (Section 153A IPC),2014,0,0,0,2,0,2,0,0,0,0,0,0,2,0,2
Puducherry,28.2 - Imputation & assertions prejudicial to national integration (Section 153B IPC),2014,0,0,0,0,0,0,0,0,0,0,0,0,0,0,0
Puducherry,29 - Extortion (Section 384 - 389 IPC),2014,10,0,10,2,0,2,0,1,1,0,0,0,12,1,13
Puducherry,30 - Disclosure of Identity of Victims (Section 228 A IPC),2014,0,0,0,0,0,0,1,0,1,0,0,0,1,0,1
Puducherry,31 - Incidence of Rash Driving (Section 279 IPC Read with 337 & 338),2014,412,4,416,153,0,153,549,0,549,6,0,6,1120,4,1124
Puducherry,32 - Human Trafficking (Section 370 & 370A IPC),2014,0,0,0,0,0,0,0,0,0,0,0,0,0,0,0
Puducherry,33 - Unnatural Offences U/s 377 IPC,2014,0,0,0,0,0,0,0,0,0,0,0,0,0,0,0
Puducherry,34 - Other IPC crimes,2014,793,46,839,545,69,614,195,15,210,9,5,14,1542,135,1677
Puducherry,35 - Total Cognizable IPC crimes,2014,1956,63,2019,1194,100,1294,939,23,962,22,6,28,4111,192,4303
Total (States),1 - Murder (Section 302 IPC),2014,27331,1184,28515,25639,1996,27635,9390,699,10089,698,87,785,63058,3966,67024
Total (States),2 - Attempt to commit Murder (Section 307 IPC),2014,35180,1278,36458,30342,1636,31978,13155,778,13933,1141,67,1208,79818,3759,83577
Total (States),3 - Culpable Homicide not amounting to Murder (Section 304 IPC),2014,2908,99,3007,2846,94,2940,912,44,956,60,1,61,6726,238,6964
Total (States),4 - Attempt to commit Culpable Homicide (Section 308 IPC),2014,2463,57,2520,2303,64,2367,849,13,862,48,1,49,5663,135,5798
Total (States),5 - Rape (Section 376 IPC),2014,25306,325,25631,14274,475,14749,3143,185,3328,225,24,249,42948,1009,43957
Total (States),5.1 - Custodial Rape,2014,152,0,152,117,0,117,12,0,12,0,0,0,281,0,281
Total (States),5.1.1 - Gang Rape,2014,1,0,1,12,0,12,0,0,0,0,0,0,13,0,13
Total (States),5.1.2 - Other Rape,2014,151,0,151,105,0,105,12,0,12,0,0,0,268,0,268
Total (States),5.2 - Rape other than Custodial,2014,25154,325,25479,14157,475,14632,3131,185,3316,225,24,249,42667,1009,43676
Total (States),5.2.1 - Gang Rape,2014,3100,19,3119,1275,18,1293,140,7,147,6,0,6,4521,44,4565
Total (States),5.2.2 - Other Rape,2014,22054,306,22360,12882,457,13339,2991,178,3169,219,24,243,38146,965,39111
Total (States),6 - Attempt to commit Rape (Section 376/511 IPC),2014,2532,13,2545,1431,14,1445,290,5,295,18,0,18,4271,32,4303
Total (States),"7 - Kidnapping & Abduction_Total (Section 3,364,364A, 366-369 IPC)",2014,44201,1198,45399,26372,1244,27616,6138,380,6518,179,12,191,76890,2834,79724
Total (States),7.1 - Kidnapping & Abduction (Section 363 IPC),2014,9818,339,10157,5006,360,5366,1078,85,1163,31,5,36,15933,789,16722
Total (States),7.2 - Kidnaping & Abduction in order to Murder (Section 364 IPC),2014,1212,10,1222,712,19,731,232,5,237,15,0,15,2171,34,2205
Total (States),7.3 - Kidnapping for Ransom (Section 364A IPC),2014,747,15,762,563,11,574,78,1,79,3,0,3,1391,27,1418
Total (States),7.4 - Kidnapping & Abduction of Women to compel her for marriage (Section 366 IPC),2014,23553,607,24160,13504,509,14013,3315,194,3509,97,3,100,40469,1313,41782
Total (States),7.5 - Other Kidnapping,2014,8871,227,9098,6587,345,6932,1435,95,1530,33,4,37,16926,671,17597
Total (States),"8 - Dacoity (Section 395,396-398 IPC)",2014,9228,57,9285,6768,131,6899,1545,27,1572,74,10,84,17615,225,17840
Total (States),8.1 - Dacoity with Murder (Section 396 IPC),2014,193,1,194,119,2,121,11,0,11,1,1,2,324,4,328
Total (States),8.2 - Other Dacoity,2014,9035,56,9091,6649,129,6778,1534,27,1561,73,9,82,17291,221,17512
Total (States),9 - Making Preparation and Assembly for committing Dacoity (Section 399 & 402 IPC),2014,7798,5,7803,3799,13,3812,815,2,817,14,0,14,12426,20,12446
Total (States),"10 - Robbery (Section 392 to 394, 397 and 398 IPC)",2014,27134,197,27331,14162,217,14379,3100,45,3145,101,8,109,44497,467,44964
Total (States),11 - Criminal Trespass/Burglary_Total (Section 453 to 460 IPC),2014,43954,404,44358,30139,486,30625,8417,212,8629,301,4,305,82811,1106,83917
Total (States),"11.1 - Criminal Trespass/Burglary (Section 455, 457 & 458 IPC)",2014,31910,236,32146,21545,277,21822,6289,146,6435,211,1,212,59955,660,60615
Total (States),"11.2 - House Trespass & House Breaking (Section 453,454,456,459 & 460 IPC)",2014,12044,168,12212,8594,209,8803,2128,66,2194,90,3,93,22856,446,23302
Total (States),12 - Theft (Section 379 to 382 IPC),2014,125757,2197,127954,83416,2147,85563,21353,560,21913,1185,59,1244,231711,4963,236674
Total (States),12.1 - Auto Theft,2014,42040,52,42092,25529,48,25577,5186,16,5202,155,0,155,72910,116,73026
Total (States),12.2 - Other Thefts,2014,83717,2145,85862,57887,2099,59986,16167,544,16711,1030,59,1089,158801,4847,163648
Total (States),"13 - Unlawful Assembly (Section 143,144 & 145)",2014,18829,1137,19966,16501,1848,18349,6821,663,7484,618,52,670,42769,3700,46469
Total (States),"14 - Riots (Section 147, 148, 149, 150 & 151 IPC)",2014,133627,5224,138851,112352,7405,119757,39833,2791,42624,3836,391,4227,289648,15811,305459
Total (States),14.1 - Communal,2014,2682,18,2700,2316,39,2355,445,9,454,41,0,41,5484,66,5550
Total (States),14.2 - Industrial,2014,276,10,286,322,10,332,65,5,70,0,0,0,663,25,688
Total (States),14.3 - Political,2014,4314,93,4407,4268,126,4394,1355,43,1398,57,1,58,9994,263,10257
Total (States),14.4 - Caste Conflict,2014,3191,71,3262,3042,258,3300,1188,63,1251,55,4,59,7476,396,7872
Total (States),14.4.1 - SC/STs Vs. Non-SCs/STs,2014,864,21,885,795,53,848,211,11,222,15,1,16,1885,86,1971
Total (States),14.4.2 - Other Caste Riots,2014,2327,50,2377,2247,205,2452,977,52,1029,40,3,43,5591,310,5901
Total (States),14.5 - Agrarian,2014,1347,41,1388,1412,75,1487,572,27,599,56,5,61,3387,148,3535
Total (States),14.6 - Students,2014,1200,41,1241,52,6,58,26,0,26,4,0,4,1282,47,1329
Total (States),14.7 - Sectarian,2014,29,0,29,35,0,35,7,0,7,0,0,0,71,0,71
Total (States),14.8 - Other Riots,2014,120588,4950,125538,100905,6891,107796,36175,2644,38819,3623,381,4004,261291,14866,276157
Total (States),15 - Criminal Breach of Trust (Section 406 to 409 IPC),2014,9209,214,9423,12252,358,12610,4564,143,4707,243,13,256,26268,728,26996
Total (States),16 - Cheating (Section 420 IPC),2014,37604,852,38456,52021,2060,54081,22763,1037,23800,1801,136,1937,114189,4085,118274
Total (States),"17 - Forgery (Section 465, 468 & 471 IPC)",2014,2469,61,2530,4072,121,4193,1763,57,1820,201,8,209,8505,247,8752
Total (States),"18 - Counterfeiting (Section 231-235,237-240, 242-243, 255 and 489-A to 489-E IPC)",2014,1024,17,1041,1141,36,1177,237,2,239,9,0,9,2411,55,2466
Total (States),"18.1 - Offences related to Counterfeit Coin (Section 231-235,237, 238-240 & 242-243 IPC)",2014,145,0,145,102,0,102,56,0,56,5,0,5,308,0,308
Total (States),18.2 - Counterfeiting Government Stamp (Section 255 IPC),2014,0,0,0,2,0,2,0,0,0,0,0,0,2,0,2
Total (States),18.3 - Counterfeit currency & Bank notes (Section 489-A to 489-E IPC),2014,879,17,896,1037,36,1073,181,2,183,4,0,4,2101,55,2156
Total (States),18.3.1 - Counterfeiting currency notes or Bank notes (Section 489A IPC),2014,403,7,410,536,16,552,87,1,88,3,0,3,1029,24,1053
Total (States),18.3.2 - Using forged or counterfeit currency/Bank notes (Section 489B IPC),2014,367,8,375,358,16,374,61,1,62,0,0,0,786,25,811
Total (States),18.3.3 - Possession of forged or counterfeiting currency / Bank notes (Section 489C IPC),2014,90,1,91,111,2,113,27,0,27,1,0,1,229,3,232
Total (States),18.3.4 - Make/Possess materials for forging or counterfeiting currency/Bank notes (Section 489D IPC),2014,13,0,13,16,1,17,3,0,3,0,0,0,32,1,33
Total (States),18.3.5 - Make/Use documents resembling currency notes/Bank notes (Section 489 E IPC),2014,6,1,7,16,1,17,3,0,3,0,0,0,25,2,27
Total (States),19 - Arson (Section 435-436 & 438 IPC),2014,4834,61,4895,7585,132,7717,1590,37,1627,110,6,116,14119,236,14355
Total (States),"20 - Grievous Hurt (Section 325,326,326A & 326 B IPC)",2014,79204,3708,82912,67383,4059,71442,27562,1513,29075,2328,130,2458,176477,9410,185887
Total (States),20.1 - Grievous Hurt (Section 325 & 326 IPC),2014,79036,3702,82738,67315,4052,71367,27552,1512,29064,2325,130,2455,176228,9396,185624
Total (States),20.2 - Acid attack (Section 326A IPC),2014,137,6,143,56,7,63,8,1,9,3,0,3,204,14,218
Total (States),20.3 - Attempt to Acid Attack (Section 326B IPC),2014,31,0,31,12,0,12,2,0,2,0,0,0,45,0,45
Total (States),21 - Dowry Deaths (Section 304-B IPC),2014,7453,1214,8667,7027,1902,8929,3614,1471,5085,327,224,551,18421,4811,23232
Total (States),22 - Assault on women with intent to outrage her Modesty (Section 354 IPC),2014,51651,794,52445,33633,1221,34854,10086,543,10629,599,52,651,95969,2610,98579
Total (States),22.1 - Sexual Harassment (Section 354A IPC),2014,15223,101,15324,8183,138,8321,2433,73,2506,150,8,158,25989,320,26309
Total (States),22.2 - Assault on women with intent to Disrobe (Section 354B IPC),2014,4017,51,4068,2854,92,2946,700,38,738,63,3,66,7634,184,7818
Total (States),22.3 - Voyeurism (Section 354C IPC),2014,602,1,603,279,3,282,53,0,53,3,0,3,937,4,941
Total (States),22.4 - Stalking (Section 354D IPC),2014,3098,10,3108,1429,10,1439,260,3,263,9,0,9,4796,23,4819
Total (States),22.5 - Others,2014,28711,631,29342,20888,978,21866,6640,429,7069,374,41,415,56613,2079,58692
Total (States),23 - Insult to the Modesty of Women (Section 509 IPC),2014,5612,121,5733,3290,92,3382,671,21,692,101,4,105,9674,238,9912
Total (States),23.1 - At Office premises,2014,19,0,19,13,0,13,10,0,10,0,0,0,42,0,42
Total (States),23.2 - Places related to work other than Office,2014,404,1,405,195,0,195,13,1,14,1,0,1,613,2,615
Total (States),23.3 - In Public Transport system,2014,85,0,85,37,1,38,10,0,10,0,0,0,132,1,133
Total (States),23.4 - in Other Places,2014,5104,120,5224,3045,91,3136,638,20,658,100,4,104,8887,235,9122
Total (States),24 - Cruelty by Husband or his Relatives (Section 498-A IPC),2014,67702,11650,79352,74991,17266,92257,33377,13160,46537,4481,2078,6559,180551,44154,224705
Total (States),25 - Importation of Girls from Foreign Country (Section 366-B IPC),2014,20,1,21,17,1,18,2,1,3,0,0,0,39,3,42
Total (States),26 - Causing Death by Negligence (Section 304-A IPC),2014,51352,175,51527,49181,131,49312,17893,40,17933,1087,3,1090,119513,349,119862
Total (States),26.1 - Deaths due to negligent driving/act,2014,48554,159,48713,45457,100,45557,16833,29,16862,1055,3,1058,111899,291,112190
Total (States),26.2 - Deaths due to Other Causes,2014,2798,16,2814,3724,31,3755,1060,11,1071,32,0,32,7614,58,7672
Total (States),"27 - Offences against State (Section 121, 121A, 122, 123, 124-A IPC)",2014,117,4,121,90,0,90,13,0,13,0,0,0,220,4,224
Total (States),27.1 - Sedition (Section 124A IPC),2014,22,3,25,31,0,31,2,0,2,0,0,0,55,3,58
Total (States),27.2 - Other offences against State,2014,95,1,96,59,0,59,11,0,11,0,0,0,165,1,166
Total (States),28 - Offences promoting enmity between different groups (Section 153A & 153B IPC),2014,237,1,238,224,0,224,128,0,128,16,2,18,605,3,608
Total (States),28.1 - Promoting enmity on ground of religion race and place of Birth (Section 153A IPC),2014,235,1,236,219,0,219,124,0,124,16,2,18,594,3,597
Total (States),28.2 - Imputation & assertions prejudicial to national integration (Section 153B IPC),2014,2,0,2,5,0,5,4,0,4,0,0,0,11,0,11
Total (States),29 - Extortion (Section 384 - 389 IPC),2014,4441,50,4491,3889,92,3981,880,18,898,24,2,26,9234,162,9396
Total (States),30 - Disclosure of Identity of Victims (Section 228 A IPC),2014,0,0,0,1,0,1,0,0,0,0,0,0,1,0,1
Total (States),31 - Incidence of Rash Driving (Section 279 IPC Read with 337 & 338),2014,173901,571,174472,149419,533,149952,56421,112,56533,3750,4,3754,383491,1220,384711
Total (States),32 - Human Trafficking (Section 370 & 370A IPC),2014,465,71,536,545,79,624,129,19,148,8,2,10,1147,171,1318
Total (States),33 - Unnatural Offences U/s 377 IPC,2014,510,4,514,272,8,280,73,2,75,9,0,9,864,14,878
Total (States),34 - Other IPC crimes,2014,584252,30044,614296,502430,35622,538052,215326,17750,233076,21600,1971,23571,1323608,85387,1408995
Total (States),35 - Total Cognizable IPC crimes,2014,1588305,62988,1651293,1339807,81483,1421290,512853,42330,555183,45192,5351,50543,3486157,192152,3678309
Total (UTs),1 - Murder (Section 302 IPC),2014,592,17,609,418,21,439,83,2,85,0,0,0,1093,40,1133
Total (UTs),2 - Attempt to commit Murder (Section 307 IPC),2014,854,4,858,534,11,545,139,1,140,4,0,4,1531,16,1547
Total (UTs),3 - Culpable Homicide not amounting to Murder (Section 304 IPC),2014,46,0,46,43,2,45,13,0,13,0,0,0,102,2,104
Total (UTs),4 - Attempt to commit Culpable Homicide (Section 308 IPC),2014,625,16,641,558,10,568,134,2,136,5,0,5,1322,28,1350
Total (UTs),5 - Rape (Section 376 IPC),2014,1110,18,1128,779,47,826,128,6,134,4,0,4,2021,71,2092
Total (UTs),5.1 - Custodial Rape,2014,0,0,0,4,0,4,1,0,1,0,0,0,5,0,5
Total (UTs),5.1.1 - Gang Rape,2014,0,0,0,0,0,0,0,0,0,0,0,0,0,0,0
Total (UTs),5.1.2 - Other Rape,2014,0,0,0,4,0,4,1,0,1,0,0,0,5,0,5
Total (UTs),5.2 - Rape other than Custodial,2014,1110,18,1128,775,47,822,127,6,133,4,0,4,2016,71,2087
Total (UTs),5.2.1 - Gang Rape,2014,101,3,104,86,6,92,7,1,8,0,0,0,194,10,204
Total (UTs),5.2.2 - Other Rape,2014,1009,15,1024,689,41,730,120,5,125,4,0,4,1822,61,1883
Total (UTs),6 - Attempt to commit Rape (Section 376/511 IPC),2014,50,0,50,13,0,13,2,0,2,0,0,0,65,0,65
Total (UTs),"7 - Kidnapping & Abduction_Total (Section 3,364,364A, 366-369 IPC)",2014,453,6,459,295,16,311,56,3,59,2,0,2,806,25,831
Total (UTs),7.1 - Kidnapping & Abduction (Section 363 IPC),2014,359,5,364,197,8,205,36,3,39,1,0,1,593,16,609
Total (UTs),7.2 - Kidnaping & Abduction in order to Murder (Section 364 IPC),2014,0,0,0,0,0,0,0,0,0,0,0,0,0,0,0
Total (UTs),7.3 - Kidnapping for Ransom (Section 364A IPC),2014,30,0,30,40,2,42,4,0,4,0,0,0,74,2,76
Total (UTs),7.4 - Kidnapping & Abduction of Women to compel her for marriage (Section 366 IPC),2014,18,1,19,14,0,14,4,0,4,0,0,0,36,1,37
Total (UTs),7.5 - Other Kidnapping,2014,46,0,46,44,6,50,12,0,12,1,0,1,103,6,109
Total (UTs),"8 - Dacoity (Section 395,396-398 IPC)",2014,157,0,157,141,0,141,1,0,1,0,0,0,299,0,299
Total (UTs),8.1 - Dacoity with Murder (Section 396 IPC),2014,0,0,0,1,0,1,0,0,0,0,0,0,1,0,1
Total (UTs),8.2 - Other Dacoity,2014,157,0,157,140,0,140,1,0,1,0,0,0,298,0,298
Total (UTs),9 - Making Preparation and Assembly for committing Dacoity (Section 399 & 402 IPC),2014,35,0,35,37,0,37,0,0,0,0,0,0,72,0,72
Total (UTs),"10 - Robbery (Section 392 to 394, 397 and 398 IPC)",2014,2907,16,2923,1715,7,1722,301,0,301,1,0,1,4924,23,4947
Total (UTs),11 - Criminal Trespass/Burglary_Total (Section 453 to 460 IPC),2014,1571,6,1577,988,12,1000,202,0,202,5,0,5,2766,18,2784
Total (UTs),"11.1 - Criminal Trespass/Burglary (Section 455, 457 & 458 IPC)",2014,888,3,891,510,6,516,167,0,167,3,0,3,1568,9,1577
Total (UTs),"11.2 - House Trespass & House Breaking (Section 453,454,456,459 & 460 IPC)",2014,683,3,686,478,6,484,35,0,35,2,0,2,1198,9,1207
Total (UTs),12 - Theft (Section 379 to 382 IPC),2014,7774,93,7867,5206,95,5301,664,9,673,59,4,63,13703,201,13904
Total (UTs),12.1 - Auto Theft,2014,2273,0,2273,1266,0,1266,183,0,183,34,0,34,3756,0,3756
Total (UTs),12.2 - Other Thefts,2014,5501,93,5594,3940,95,4035,481,9,490,25,4,29,9947,201,10148
Total (UTs),"13 - Unlawful Assembly (Section 143,144 & 145)",2014,20,0,20,28,0,28,28,0,28,0,0,0,76,0,76
Total (UTs),"14 - Riots (Section 147, 148, 149, 150 & 151 IPC)",2014,450,18,468,418,17,435,89,13,102,6,0,6,963,48,1011
Total (UTs),14.1 - Communal,2014,49,0,49,36,2,38,17,2,19,0,0,0,102,4,106
Total (UTs),14.2 - Industrial,2014,0,0,0,0,0,0,0,0,0,0,0,0,0,0,0
Total (UTs),14.3 - Political,2014,0,0,0,35,0,35,2,0,2,0,0,0,37,0,37
Total (UTs),14.4 - Caste Conflict,2014,26,0,26,17,3,20,1,0,1,0,0,0,44,3,47
Total (UTs),14.4.1 - SC/STs Vs. Non-SCs/STs,2014,6,0,6,6,0,6,1,0,1,0,0,0,13,0,13
Total (UTs),14.4.2 - Other Caste Riots,2014,20,0,20,11,3,14,0,0,0,0,0,0,31,3,34
Total (UTs),14.5 - Agrarian,2014,0,0,0,0,0,0,0,0,0,0,0,0,0,0,0
Total (UTs),14.6 - Students,2014,44,0,44,0,0,0,0,0,0,0,0,0,44,0,44
Total (UTs),14.7 - Sectarian,2014,0,0,0,0,0,0,0,0,0,0,0,0,0,0,0
Total (UTs),14.8 - Other Riots,2014,331,18,349,330,12,342,69,11,80,6,0,6,736,41,777
Total (UTs),15 - Criminal Breach of Trust (Section 406 to 409 IPC),2014,114,0,114,154,2,156,25,0,25,1,0,1,294,2,296
Total (UTs),16 - Cheating (Section 420 IPC),2014,506,5,511,921,31,952,255,21,276,21,0,21,1703,57,1760
Total (UTs),"17 - Forgery (Section 465, 468 & 471 IPC)",2014,112,16,128,164,20,184,95,2,97,14,0,14,385,38,423
Total (UTs),"18 - Counterfeiting (Section 231-235,237-240, 242-243, 255 and 489-A to 489-E IPC)",2014,23,0,23,28,1,29,4,0,4,0,0,0,55,1,56
Total (UTs),"18.1 - Offences related to Counterfeit Coin (Section 231-235,237, 238-240 & 242-243 IPC)",2014,0,0,0,1,0,1,0,0,0,0,0,0,1,0,1
Total (UTs),18.2 - Counterfeiting Government Stamp (Section 255 IPC),2014,0,0,0,0,0,0,0,0,0,0,0,0,0,0,0
Total (UTs),18.3 - Counterfeit currency & Bank notes (Section 489-A to 489-E IPC),2014,23,0,23,27,1,28,4,0,4,0,0,0,54,1,55
Total (UTs),18.3.1 - Counterfeiting currency notes or Bank notes (Section 489A IPC),2014,2,0,2,10,0,10,0,0,0,0,0,0,12,0,12
Total (UTs),18.3.2 - Using forged or counterfeit currency/Bank notes (Section 489B IPC),2014,7,0,7,2,0,2,0,0,0,0,0,0,9,0,9
Total (UTs),18.3.3 - Possession of forged or counterfeiting currency / Bank notes (Section 489C IPC),2014,14,0,14,15,1,16,4,0,4,0,0,0,33,1,34
Total (UTs),18.3.4 - Make/Possess materials for forging or counterfeiting currency/Bank notes (Section 489D IPC),2014,0,0,0,0,0,0,0,0,0,0,0,0,0,0,0
Total (UTs),18.3.5 - Make/Use documents resembling currency notes/Bank notes (Section 489 E IPC),2014,0,0,0,0,0,0,0,0,0,0,0,0,0,0,0
Total (UTs),19 - Arson (Section 435-436 & 438 IPC),2014,45,0,45,35,1,36,5,0,5,1,0,1,86,1,87
Total (UTs),"20 - Grievous Hurt (Section 325,326,326A & 326 B IPC)",2014,519,14,533,374,18,392,115,5,120,12,0,12,1020,37,1057
Total (UTs),20.1 - Grievous Hurt (Section 325 & 326 IPC),2014,503,14,517,360,17,377,114,5,119,12,0,12,989,36,1025
Total (UTs),20.2 - Acid attack (Section 326A IPC),2014,11,0,11,8,1,9,0,0,0,0,0,0,19,1,20
Total (UTs),20.3 - Attempt to Acid Attack (Section 326B IPC),2014,5,0,5,6,0,6,1,0,1,0,0,0,12,0,12
Total (UTs),21 - Dowry Deaths (Section 304-B IPC),2014,114,10,124,111,19,130,32,14,46,4,4,8,261,47,308
Total (UTs),22 - Assault on women with intent to outrage her Modesty (Section 354 IPC),2014,2207,13,2220,1316,22,1338,316,4,320,13,1,14,3852,40,3892
Total (UTs),22.1 - Sexual Harassment (Section 354A IPC),2014,674,3,677,305,4,309,99,0,99,3,0,3,1081,7,1088
Total (UTs),22.2 - Assault on women with intent to Disrobe (Section 354B IPC),2014,135,2,137,159,3,162,28,1,29,0,0,0,322,6,328
Total (UTs),22.3 - Voyeurism (Section 354C IPC),2014,17,0,17,11,0,11,2,0,2,0,0,0,30,0,30
Total (UTs),22.4 - Stalking (Section 354D IPC),2014,247,0,247,156,0,156,34,0,34,1,0,1,438,0,438
Total (UTs),22.5 - Others,2014,1134,8,1142,685,15,700,153,3,156,9,1,10,1981,27,2008
Total (UTs),23 - Insult to the Modesty of Women (Section 509 IPC),2014,603,4,607,311,2,313,36,1,37,4,0,4,954,7,961
Total (UTs),23.1 - At Office premises,2014,4,0,4,8,0,8,0,0,0,0,0,0,12,0,12
Total (UTs),23.2 - Places related to work other than Office,2014,13,0,13,11,0,11,0,0,0,0,0,0,24,0,24
Total (UTs),23.3 - In Public Transport system,2014,4,0,4,2,0,2,0,0,0,0,0,0,6,0,6
Total (UTs),23.4 - in Other Places,2014,582,4,586,290,2,292,36,1,37,4,0,4,912,7,919
Total (UTs),24 - Cruelty by Husband or his Relatives (Section 498-A IPC),2014,288,5,293,319,31,350,54,16,70,3,6,9,664,58,722
Total (UTs),25 - Importation of Girls from Foreign Country (Section 366-B IPC),2014,0,0,0,0,0,0,0,0,0,0,0,0,0,0,0
Total (UTs),26 - Causing Death by Negligence (Section 304-A IPC),2014,839,2,841,603,4,607,134,1,135,1,0,1,1577,7,1584
Total (UTs),26.1 - Deaths due to negligent driving/act,2014,744,2,746,521,4,525,103,1,104,0,0,0,1368,7,1375
Total (UTs),26.2 - Deaths due to Other Causes,2014,95,0,95,82,0,82,31,0,31,1,0,1,209,0,209
Total (UTs),"27 - Offences against State (Section 121, 121A, 122, 123, 124-A IPC)",2014,0,0,0,0,0,0,0,0,0,0,0,0,0,0,0
Total (UTs),27.1 - Sedition (Section 124A IPC),2014,0,0,0,0,0,0,0,0,0,0,0,0,0,0,0
Total (UTs),27.2 - Other offences against State,2014,0,0,0,0,0,0,0,0,0,0,0,0,0,0,0
Total (UTs),28 - Offences promoting enmity between different groups (Section 153A & 153B IPC),2014,21,0,21,17,0,17,0,0,0,1,0,1,39,0,39
Total (UTs),28.1 - Promoting enmity on ground of religion race and place of Birth (Section 153A IPC),2014,21,0,21,17,0,17,0,0,0,1,0,1,39,0,39
Total (UTs),28.2 - Imputation & assertions prejudicial to national integration (Section 153B IPC),2014,0,0,0,0,0,0,0,0,0,0,0,0,0,0,0
Total (UTs),29 - Extortion (Section 384 - 389 IPC),2014,120,3,123,95,15,110,23,5,28,0,0,0,238,23,261
Total (UTs),30 - Disclosure of Identity of Victims (Section 228 A IPC),2014,0,0,0,0,0,0,1,0,1,0,0,0,1,0,1
Total (UTs),31 - Incidence of Rash Driving (Section 279 IPC Read with 337 & 338),2014,3496,46,3542,2689,63,2752,1467,4,1471,40,0,40,7692,113,7805
Total (UTs),32 - Human Trafficking (Section 370 & 370A IPC),2014,0,0,0,4,0,4,3,0,3,0,0,0,7,0,7
Total (UTs),33 - Unnatural Offences U/s 377 IPC,2014,125,0,125,85,0,85,14,0,14,0,0,0,224,0,224
Total (UTs),34 - Other IPC crimes,2014,9763,349,10112,7118,308,7426,2521,76,2597,96,8,104,19498,741,20239
Total (UTs),35 - Total Cognizable IPC crimes,2014,35539,661,36200,25517,775,26292,6940,185,7125,297,23,320,68293,1644,69937
Total (All India),1 - Murder (Section 302 IPC),2014,27923,1201,29124,26057,2017,28074,9473,701,10174,698,87,785,64151,4006,68157
Total (All India),2 - Attempt to commit Murder (Section 307 IPC),2014,36034,1282,37316,30876,1647,32523,13294,779,14073,1145,67,1212,81349,3775,85124
Total (All India),3 - Culpable Homicide not amounting to Murder (Section 304 IPC),2014,2954,99,3053,2889,96,2985,925,44,969,60,1,61,6828,240,7068
Total (All India),4 - Attempt to commit Culpable Homicide (Section 308 IPC),2014,3088,73,3161,2861,74,2935,983,15,998,53,1,54,6985,163,7148
Total (All India),5 - Rape (Section 376 IPC),2014,26416,343,26759,15053,522,15575,3271,191,3462,229,24,253,44969,1080,46049
Total (All India),5.1 - Custodial Rape,2014,152,0,152,121,0,121,13,0,13,0,0,0,286,0,286
Total (All India),5.1.1 - Gang Rape,2014,1,0,1,12,0,12,0,0,0,0,0,0,13,0,13
Total (All India),5.1.2 - Other Rape,2014,151,0,151,109,0,109,13,0,13,0,0,0,273,0,273
Total (All India),5.2 - Rape other than Custodial,2014,26264,343,26607,14932,522,15454,3258,191,3449,229,24,253,44683,1080,45763
Total (All India),5.2.1 - Gang Rape,2014,3201,22,3223,1361,24,1385,147,8,155,6,0,6,4715,54,4769
Total (All India),5.2.2 - Other Rape,2014,23063,321,23384,13571,498,14069,3111,183,3294,223,24,247,39968,1026,40994
Total (All India),6 - Attempt to commit Rape (Section 376/511 IPC),2014,2582,13,2595,1444,14,1458,292,5,297,18,0,18,4336,32,4368
Total (All India),"7 - Kidnapping & Abduction_Total (Section 3,364,364A, 366-369 IPC)",2014,44654,1204,45858,26667,1260,27927,6194,383,6577,181,12,193,77696,2859,80555
Total (All India),7.1 - Kidnapping & Abduction (Section 363 IPC),2014,10177,344,10521,5203,368,5571,1114,88,1202,32,5,37,16526,805,17331
Total (All India),7.2 - Kidnaping & Abduction in order to Murder (Section 364 IPC),2014,1212,10,1222,712,19,731,232,5,237,15,0,15,2171,34,2205
Total (All India),7.3 - Kidnapping for Ransom (Section 364A IPC),2014,777,15,792,603,13,616,82,1,83,3,0,3,1465,29,1494
Total (All India),7.4 - Kidnapping & Abduction of Women to compel her for marriage (Section 366 IPC),2014,23571,608,24179,13518,509,14027,3319,194,3513,97,3,100,40505,1314,41819
Total (All India),7.5 - Other Kidnapping,2014,8917,227,9144,6631,351,6982,1447,95,1542,34,4,38,17029,677,17706
Total (All India),"8 - Dacoity (Section 395,396-398 IPC)",2014,9385,57,9442,6909,131,7040,1546,27,1573,74,10,84,17914,225,18139
Total (All India),8.1 - Dacoity with Murder (Section 396 IPC),2014,193,1,194,120,2,122,11,0,11,1,1,2,325,4,329
Total (All India),8.2 - Other Dacoity,2014,9192,56,9248,6789,129,6918,1535,27,1562,73,9,82,17589,221,17810
Total (All India),9 - Making Preparation and Assembly for committing Dacoity (Section 399 & 402 IPC),2014,7833,5,7838,3836,13,3849,815,2,817,14,0,14,12498,20,12518
Total (All India),"10 - Robbery (Section 392 to 394, 397 and 398 IPC)",2014,30041,213,30254,15877,224,16101,3401,45,3446,102,8,110,49421,490,49911
Total (All India),11 - Criminal Trespass/Burglary_Total (Section 453 to 460 IPC),2014,45525,410,45935,31127,498,31625,8619,212,8831,306,4,310,85577,1124,86701
Total (All India),"11.1 - Criminal Trespass/Burglary (Section 455, 457 & 458 IPC)",2014,32798,239,33037,22055,283,22338,6456,146,6602,214,1,215,61523,669,62192
Total (All India),"11.2 - House Trespass & House Breaking (Section 453,454,456,459 & 460 IPC)",2014,12727,171,12898,9072,215,9287,2163,66,2229,92,3,95,24054,455,24509
Total (All India),12 - Theft (Section 379 to 382 IPC),2014,133531,2290,135821,88622,2242,90864,22017,569,22586,1244,63,1307,245414,5164,250578
Total (All India),12.1 - Auto Theft,2014,44313,52,44365,26795,48,26843,5369,16,5385,189,0,189,76666,116,76782
Total (All India),12.2 - Other Thefts,2014,89218,2238,91456,61827,2194,64021,16648,553,17201,1055,63,1118,168748,5048,173796
Total (All India),"13 - Unlawful Assembly (Section 143,144 & 145)",2014,18849,1137,19986,16529,1848,18377,6849,663,7512,618,52,670,42845,3700,46545
Total (All India),"14 - Riots (Section 147, 148, 149, 150 & 151 IPC)",2014,134077,5242,139319,112770,7422,120192,39922,2804,42726,3842,391,4233,290611,15859,306470
Total (All India),14.1 - Communal,2014,2731,18,2749,2352,41,2393,462,11,473,41,0,41,5586,70,5656
Total (All India),14.2 - Industrial,2014,276,10,286,322,10,332,65,5,70,0,0,0,663,25,688
Total (All India),14.3 - Political,2014,4314,93,4407,4303,126,4429,1357,43,1400,57,1,58,10031,263,10294
Total (All India),14.4 - Caste Conflict,2014,3217,71,3288,3059,261,3320,1189,63,1252,55,4,59,7520,399,7919
Total (All India),14.4.1 - SC/STs Vs. Non-SCs/STs,2014,870,21,891,801,53,854,212,11,223,15,1,16,1898,86,1984
Total (All India),14.4.2 - Other Caste Riots,2014,2347,50,2397,2258,208,2466,977,52,1029,40,3,43,5622,313,5935
Total (All India),14.5 - Agrarian,2014,1347,41,1388,1412,75,1487,572,27,599,56,5,61,3387,148,3535
Total (All India),14.6 - Students,2014,1244,41,1285,52,6,58,26,0,26,4,0,4,1326,47,1373
Total (All India),14.7 - Sectarian,2014,29,0,29,35,0,35,7,0,7,0,0,0,71,0,71
Total (All India),14.8 - Other Riots,2014,120919,4968,125887,101235,6903,108138,36244,2655,38899,3629,381,4010,262027,14907,276934
Total (All India),15 - Criminal Breach of Trust (Section 406 to 409 IPC),2014,9323,214,9537,12406,360,12766,4589,143,4732,244,13,257,26562,730,27292
Total (All India),16 - Cheating (Section 420 IPC),2014,38110,857,38967,52942,2091,55033,23018,1058,24076,1822,136,1958,115892,4142,120034
Total (All India),"17 - Forgery (Section 465, 468 & 471 IPC)",2014,2581,77,2658,4236,141,4377,1858,59,1917,215,8,223,8890,285,9175
Total (All India),"18 - Counterfeiting (Section 231-235,237-240, 242-243, 255 and 489-A to 489-E IPC)",2014,1047,17,1064,1169,37,1206,241,2,243,9,0,9,2466,56,2522
Total (All India),"18.1 - Offences related to Counterfeit Coin (Section 231-235,237, 238-240 & 242-243 IPC)",2014,145,0,145,103,0,103,56,0,56,5,0,5,309,0,309
Total (All India),18.2 - Counterfeiting Government Stamp (Section 255 IPC),2014,0,0,0,2,0,2,0,0,0,0,0,0,2,0,2
Total (All India),18.3 - Counterfeit currency & Bank notes (Section 489-A to 489-E IPC),2014,902,17,919,1064,37,1101,185,2,187,4,0,4,2155,56,2211
Total (All India),18.3.1 - Counterfeiting currency notes or Bank notes (Section 489A IPC),2014,405,7,412,546,16,562,87,1,88,3,0,3,1041,24,1065
Total (All India),18.3.2 - Using forged or counterfeit currency/Bank notes (Section 489B IPC),2014,374,8,382,360,16,376,61,1,62,0,0,0,795,25,820
Total (All India),18.3.3 - Possession of forged or counterfeiting currency / Bank notes (Section 489C IPC),2014,104,1,105,126,3,129,31,0,31,1,0,1,262,4,266
Total (All India),18.3.4 - Make/Possess materials for forging or counterfeiting currency/Bank notes (Section 489D IPC),2014,13,0,13,16,1,17,3,0,3,0,0,0,32,1,33
Total (All India),18.3.5 - Make/Use documents resembling currency notes/Bank notes (Section 489 E IPC),2014,6,1,7,16,1,17,3,0,3,0,0,0,25,2,27
Total (All India),19 - Arson (Section 435-436 & 438 IPC),2014,4879,61,4940,7620,133,7753,1595,37,1632,111,6,117,14205,237,14442
Total (All India),"20 - Grievous Hurt (Section 325,326,326A & 326 B IPC)",2014,79723,3722,83445,67757,4077,71834,27677,1518,29195,2340,130,2470,177497,9447,186944
Total (All India),20.1 - Grievous Hurt (Section 325 & 326 IPC),2014,79539,3716,83255,67675,4069,71744,27666,1517,29183,2337,130,2467,177217,9432,186649
Total (All India),20.2 - Acid attack (Section 326A IPC),2014,148,6,154,64,8,72,8,1,9,3,0,3,223,15,238
Total (All India),20.3 - Attempt to Acid Attack (Section 326B IPC),2014,36,0,36,18,0,18,3,0,3,0,0,0,57,0,57
Total (All India),21 - Dowry Deaths (Section 304-B IPC),2014,7567,1224,8791,7138,1921,9059,3646,1485,5131,331,228,559,18682,4858,23540
Total (All India),22 - Assault on women with intent to outrage her Modesty (Section 354 IPC),2014,53858,807,54665,34949,1243,36192,10402,547,10949,612,53,665,99821,2650,102471
Total (All India),22.1 - Sexual Harassment (Section 354A IPC),2014,15897,104,16001,8488,142,8630,2532,73,2605,153,8,161,27070,327,27397
Total (All India),22.2 - Assault on women with intent to Disrobe (Section 354B IPC),2014,4152,53,4205,3013,95,3108,728,39,767,63,3,66,7956,190,8146
Total (All India),22.3 - Voyeurism (Section 354C IPC),2014,619,1,620,290,3,293,55,0,55,3,0,3,967,4,971
Total (All India),22.4 - Stalking (Section 354D IPC),2014,3345,10,3355,1585,10,1595,294,3,297,10,0,10,5234,23,5257
Total (All India),22.5 - Others,2014,29845,639,30484,21573,993,22566,6793,432,7225,383,42,425,58594,2106,60700
Total (All India),23 - Insult to the Modesty of Women (Section 509 IPC),2014,6215,125,6340,3601,94,3695,707,22,729,105,4,109,10628,245,10873
Total (All India),23.1 - At Office premises,2014,23,0,23,21,0,21,10,0,10,0,0,0,54,0,54
Total (All India),23.2 - Places related to work other than Office,2014,417,1,418,206,0,206,13,1,14,1,0,1,637,2,639
Total (All India),23.3 - In Public Transport system,2014,89,0,89,39,1,40,10,0,10,0,0,0,138,1,139
Total (All India),23.4 - in Other Places,2014,5686,124,5810,3335,93,3428,674,21,695,104,4,108,9799,242,10041
Total (All India),24 - Cruelty by Husband or his Relatives (Section 498-A IPC),2014,67990,11655,79645,75310,17297,92607,33431,13176,46607,4484,2084,6568,181215,44212,225427
Total (All India),25 - Importation of Girls from Foreign Country (Section 366-B IPC),2014,20,1,21,17,1,18,2,1,3,0,0,0,39,3,42
Total (All India),26 - Causing Death by Negligence (Section 304-A IPC),2014,52191,177,52368,49784,135,49919,18027,41,18068,1088,3,1091,121090,356,121446
Total (All India),26.1 - Deaths due to negligent driving/act,2014,49298,161,49459,45978,104,46082,16936,30,16966,1055,3,1058,113267,298,113565
Total (All India),26.2 - Deaths due to Other Causes,2014,2893,16,2909,3806,31,3837,1091,11,1102,33,0,33,7823,58,7881
Total (All India),"27 - Offences against State (Section 121, 121A, 122, 123, 124-A IPC)",2014,117,4,121,90,0,90,13,0,13,0,0,0,220,4,224
Total (All India),27.1 - Sedition (Section 124A IPC),2014,22,3,25,31,0,31,2,0,2,0,0,0,55,3,58
Total (All India),27.2 - Other offences against State,2014,95,1,96,59,0,59,11,0,11,0,0,0,165,1,166
Total (All India),28 - Offences promoting enmity between different groups (Section 153A & 153B IPC),2014,258,1,259,241,0,241,128,0,128,17,2,19,644,3,647
Total (All India),28.1 - Promoting enmity on ground of religion race and place of Birth (Section 153A IPC),2014,256,1,257,236,0,236,124,0,124,17,2,19,633,3,636
Total (All India),28.2 - Imputation & assertions prejudicial to national integration (Section 153B IPC),2014,2,0,2,5,0,5,4,0,4,0,0,0,11,0,11
Total (All India),29 - Extortion (Section 384 - 389 IPC),2014,4561,53,4614,3984,107,4091,903,23,926,24,2,26,9472,185,9657
Total (All India),30 - Disclosure of Identity of Victims (Section 228 A IPC),2014,0,0,0,1,0,1,1,0,1,0,0,0,2,0,2
Total (All India),31 - Incidence of Rash Driving (Section 279 IPC Read with 337 & 338),2014,177397,617,178014,152108,596,152704,57888,116,58004,3790,4,3794,391183,1333,392516
Total (All India),32 - Human Trafficking (Section 370 & 370A IPC),2014,465,71,536,549,79,628,132,19,151,8,2,10,1154,171,1325
Total (All India),33 - Unnatural Offences U/s 377 IPC,2014,635,4,639,357,8,365,87,2,89,9,0,9,1088,14,1102
Total (All India),34 - Other IPC crimes,2014,594015,30393,624408,509548,35930,545478,217847,17826,235673,21696,1979,23675,1343106,86128,1429234
Total (All India),35 - Total Cognizable IPC crimes,2014,1623844,63649,1687493,1365324,82258,1447582,519793,42515,562308,45489,5374,50863,3554450,193796,3748246
